2 0.087511 0.301901 0.175022 0.235237 0.931786
2 0.661224 0.518256 0.173667 0.177791 0.929657
2 0.115985 0.112021 0.16122 0.112362 0.898522
2 0.134514 0.87418 0.267456 0.205811 0.88469
2 0.390011 0.767458 0.0827782 0.0748318 0.883643
2 0.439417 0.890756 0.124567 0.0905394 0.876005
11 0.755966 0.433501 0.0477751 0.0357651 0.860859
2 0.594017 0.638562 0.129365 0.124401 0.851769
2 0.849903 0.649099 0.113204 0.116287 0.85138
2 0.952203 0.527795 0.0955936 0.123463 0.849964
11 0.397073 0.469105 0.0288392 0.0419782 0.849543
2 0.967445 0.412725 0.0651107 0.106237 0.845426
11 0.700367 0.787771 0.0263894 0.0450192 0.83864
11 0.806243 0.455628 0.0267247 0.042491 0.831137
2 0.587028 0.75653 0.138212 0.120197 0.828748
11 0.243352 0.548357 0.0487039 0.0381472 0.825635
11 0.435616 0.367304 0.027412 0.0406114 0.812647
11 0.163183 0.589506 0.0446404 0.0348372 0.793893
11 0.776991 0.55178 0.0287561 0.0446871 0.792481
2 0.580794 0.847367 0.138303 0.109101 0.78903
11 0.681207 0.847573 0.0253317 0.0411186 0.784484
11 0.920628 0.107233 0.0248978 0.0445789 0.76731
11 0.0114762 0.121468 0.0229524 0.0404534 0.763422
11 0.766239 0.600809 0.0223505 0.03508 0.760856
11 0.291218 0.434851 0.0263472 0.0420139 0.757716
2 0.746967 0.332757 0.0977733 0.108385 0.755001
11 0.241835 0.351322 0.0556793 0.0357831 0.75144
2 0.315174 0.904207 0.102156 0.117923 0.748584
2 0.772452 0.944869 0.138979 0.110262 0.747166
11 0.643676 0.960557 0.0264193 0.042178 0.738091
2 0.133192 0.0318735 0.109193 0.063747 0.72996
11 0.119412 0.647845 0.0421735 0.031424 0.727454
2 0.552195 0.0367806 0.137581 0.0734519 0.709996
11 0.0981596 0.680336 0.0409651 0.0291004 0.699089
2 0.0405902 0.549281 0.0801445 0.299003 0.697535
2 0.817773 0.0340587 0.171013 0.0679174 0.693157
11 0.109578 0.711311 0.0402908 0.0312385 0.692095
7 0.250006 0.655398 0.0390069 0.0527549 0.67207
2 0.883843 0.758252 0.165634 0.121851 0.617688
2 0.814445 0.159945 0.164138 0.132379 0.611478
11 0.745184 0.656706 0.0307301 0.0454703 0.556861
2 0.261972 0.483862 0.188534 0.117276 0.54378
2 0.325018 0.223095 0.0936008 0.0662399 0.493017
11 0.153509 0.609343 0.0433269 0.0321622 0.43889
2 0.992746 0.243373 0.0145082 0.0907008 0.378772
11 0.936565 0.0596436 0.0277771 0.0506039 0.346563
2 0.572017 0.942472 0.124254 0.0960765 0.326287
2 0.529613 0.991533 0.13004 0.0169348 0.32332
11 0.250634 0.655377 0.037965 0.0515597 0.309083
11 0.884364 0.214421 0.0260516 0.0427032 0.286605
2 0.503684 0.990612 0.154465 0.0187523 0.273416
11 0.157553 0.601847 0.0459495 0.0389982 0.254523
