11 0.964253 0.214326 0.0344856 0.0465622 0.81309
2 0.826076 0.0909314 0.347194 0.181796 0.79559
11 0.632631 0.259539 0.0290941 0.0490258 0.785728
7 0.852129 0.621465 0.0345488 0.0543006 0.754287
2 0.219583 0.168871 0.438861 0.337743 0.722734
11 0.774101 0.612065 0.0255936 0.0421547 0.707446
11 0.757616 0.900271 0.0240186 0.0495235 0.671719
3 0.775566 0.813144 0.0510839 0.138833 0.671667
11 0.855189 0.536371 0.0296973 0.0479605 0.598268
11 0.869301 0.573015 0.030821 0.0456617 0.533476
7 0.244958 0.402917 0.0240175 0.0428823 0.458956
2 0.237606 0.700201 0.473076 0.594546 0.45037
11 0.245213 0.404161 0.023444 0.0450579 0.435293
11 0.813305 0.57415 0.029414 0.0512371 0.426861
11 0.21513 0.407899 0.0275394 0.0441052 0.410268
11 0.83442 0.673924 0.0276108 0.0460842 0.370323
11 0.994029 0.310187 0.0119413 0.0412039 0.312293
7 0.214938 0.40748 0.0264608 0.0447851 0.305332
2 0.979644 0.618073 0.0404492 0.165511 0.286494
