2 0.137204 0.939349 0.218398 0.120995 0.926837
2 0.316564 0.160886 0.158585 0.169379 0.909596
2 0.664479 0.426098 0.124957 0.121004 0.884627
2 0.37434 0.549256 0.128869 0.106449 0.874469
2 0.959091 0.778693 0.0813488 0.14471 0.864862
2 0.361364 0.904475 0.130846 0.168265 0.861541
2 0.772301 0.544496 0.168571 0.158227 0.843886
2 0.516971 0.360912 0.157374 0.179377 0.842171
2 0.860877 0.29656 0.141701 0.136791 0.830159
2 0.812637 0.686265 0.179836 0.17276 0.820431
2 0.596483 0.0991118 0.176804 0.178942 0.819197
2 0.959079 0.943643 0.0818402 0.112715 0.814345
2 0.802808 0.116793 0.128097 0.129464 0.794663
2 0.148085 0.607526 0.124248 0.121192 0.785625
2 0.39995 0.661846 0.165004 0.141201 0.78243
2 0.1437 0.335375 0.287028 0.336555 0.772184
11 0.511012 0.577477 0.0364378 0.0453907 0.766915
2 0.590282 0.888801 0.141948 0.11176 0.761437
2 0.669975 0.978807 0.118676 0.0423868 0.740593
2 0.586796 0.775382 0.0799517 0.0742052 0.582849
