6 0.887058 0.943988 0.0847098 0.106693 0.891031
7 0.421343 0.081369 0.06194 0.030445 0.831279
11 0.0235158 0.073276 0.0468736 0.0328625 0.82352
11 0.893019 0.21524 0.0438693 0.0253161 0.814611
11 0.475742 0.118742 0.0441752 0.0266317 0.784928
11 0.234383 0.111456 0.0497697 0.0274251 0.77456
11 0.805879 0.200572 0.0383918 0.0228218 0.754328
7 0.860547 0.711946 0.0435194 0.0702881 0.75268
11 0.966561 0.165833 0.0477142 0.0308314 0.747471
7 0.31281 0.611132 0.051882 0.0329387 0.7286
11 0.837 0.847402 0.0403837 0.04683 0.711804
11 0.0683057 0.0797907 0.0425673 0.0321003 0.693628
7 0.140316 0.0946188 0.0624422 0.033056 0.664198
11 0.765685 0.652042 0.0453319 0.0328604 0.639267
11 0.252148 0.0528506 0.0555703 0.0350625 0.635274
7 0.396732 0.133226 0.0596263 0.0315609 0.631408
2 0.534458 0.342923 0.86601 0.471339 0.626498
11 0.850439 0.930745 0.0382097 0.04412 0.618483
11 0.988122 0.230027 0.0237551 0.0217647 0.603657
11 0.665038 0.179688 0.0404877 0.0232694 0.600939
11 0.603288 0.167528 0.0544066 0.0268372 0.595802
7 0.572772 0.696309 0.0569983 0.0500264 0.566115
7 0.41875 0.110634 0.0555873 0.0300819 0.56451
11 0.300706 0.0599701 0.0410256 0.0254217 0.553786
7 0.290169 0.648469 0.0486935 0.0336275 0.536296
2 0.774374 0.0713683 0.451091 0.142737 0.523137
3 0.977947 0.463842 0.0441053 0.0714153 0.501077
11 0.6704 0.639839 0.0489359 0.0285931 0.4935
11 0.290751 0.647946 0.048473 0.0320137 0.485454
7 0.25239 0.0530516 0.0545104 0.0353028 0.471708
11 0.194907 0.041064 0.0511933 0.0337939 0.454455
11 0.538435 0.123824 0.0569296 0.0281352 0.442646
11 0.755407 0.723436 0.0323988 0.0349318 0.43327
7 0.852247 0.933495 0.0348626 0.0568397 0.391503
11 0.443263 0.638238 0.0506065 0.0312985 0.382971
7 0.475789 0.683934 0.0589561 0.0398675 0.380908
11 0.754554 0.193644 0.0301162 0.0209173 0.28508
3 0.800175 0.633132 0.0536112 0.0628965 0.256868
