2 0.469071 0.786659 0.195746 0.136438 0.942789
2 0.116684 0.732832 0.122882 0.117464 0.874411
2 0.6863 0.549513 0.150523 0.141355 0.866906
11 0.614786 0.977744 0.0440749 0.0347039 0.862394
11 0.209144 0.0507262 0.0433621 0.0312807 0.856309
11 0.638899 0.122248 0.0538047 0.0371093 0.854627
11 0.231041 0.117385 0.0467032 0.0369898 0.831915
11 0.504222 0.33149 0.0325703 0.0477527 0.830919
11 0.520364 0.285367 0.0292511 0.0473756 0.818411
11 0.150528 0.0908874 0.0400723 0.035014 0.807597
2 0.84926 0.878679 0.123369 0.112185 0.805048
11 0.773352 0.123066 0.0454727 0.0326947 0.803408
11 0.275895 0.134731 0.0463538 0.0387305 0.803015
11 0.260176 0.0572942 0.0530046 0.03548 0.796538
11 0.149126 0.0353888 0.0489539 0.0323298 0.793918
11 0.373981 0.172017 0.0453454 0.037318 0.791663
11 0.858458 0.073211 0.0393156 0.039979 0.790613
11 0.691515 0.129727 0.049192 0.0324557 0.786971
11 0.911468 0.644456 0.0214996 0.0382141 0.78465
2 0.865307 0.368784 0.184553 0.119609 0.777936
11 0.89985 0.0372454 0.039444 0.0435698 0.770674
11 0.104471 0.0733568 0.0488049 0.0378167 0.770239
2 0.71745 0.318807 0.111367 0.102937 0.750415
11 0.335532 0.709933 0.0321691 0.0454975 0.734523
2 0.803947 0.592256 0.127544 0.143887 0.733262
11 0.418914 0.512029 0.0334297 0.0518544 0.727077
11 0.407555 0.0830894 0.0449905 0.0331049 0.724384
11 0.562983 0.110385 0.0538978 0.0325896 0.722272
11 0.327144 0.154616 0.0484117 0.0365542 0.717051
2 0.763838 0.854859 0.0909952 0.106258 0.712204
11 0.50451 0.0963915 0.0534983 0.0361738 0.704865
11 0.921088 0.594016 0.0255219 0.0526791 0.698376
11 0.378184 0.680239 0.038724 0.0326671 0.696124
2 0.830447 0.255641 0.0851575 0.100159 0.669255
3 0.0490971 0.841078 0.0444786 0.0869976 0.66812
2 0.0381745 0.955869 0.0758776 0.0877976 0.667556
2 0.61409 0.388447 0.099827 0.151752 0.653179
11 0.937833 0.49501 0.0248364 0.0440129 0.645828
11 0.454667 0.0901857 0.0433458 0.0323264 0.64048
2 0.250261 0.33521 0.287213 0.301216 0.62602
11 0.976636 0.27103 0.0257946 0.0473444 0.619452
7 0.468508 0.421815 0.0380938 0.053435 0.610744
2 0.658909 0.836945 0.121678 0.0914045 0.594983
2 0.326246 0.984936 0.128626 0.0301283 0.561884
7 0.401332 0.560443 0.0355562 0.0526055 0.550293
11 0.358334 0.0762167 0.0533416 0.0332301 0.542188
11 0.385077 0.0195954 0.0300725 0.0391908 0.540276
2 0.973102 0.654198 0.0537969 0.166269 0.532929
2 0.945363 0.897869 0.108384 0.10979 0.528411
7 0.358345 0.0754808 0.0531976 0.035444 0.509237
3 0.515897 0.23198 0.0901293 0.0452552 0.478281
2 0.617807 0.363459 0.0909512 0.100595 0.465826
11 0.189255 0.102362 0.0391775 0.0316964 0.465585
11 0.0558528 0.0628088 0.0477928 0.0302644 0.454084
2 0.252401 0.680189 0.0879604 0.095098 0.450726
7 0.0561702 0.0624716 0.048004 0.0305288 0.44081
2 0.0115466 0.663261 0.0230932 0.0997513 0.427234
2 0.982846 0.942472 0.0343077 0.115056 0.424666
2 0.0593223 0.291323 0.118037 0.346792 0.378023
11 0.936517 0.00946872 0.0378329 0.0189374 0.37783
11 0.422731 0.109587 0.0467284 0.0276827 0.377135
11 0.960192 0.371699 0.0239402 0.0452977 0.375746
7 0.985838 0.210238 0.0283239 0.0751183 0.36929
2 0.163019 0.991094 0.164994 0.0177252 0.361345
11 0.581808 0.847617 0.0274942 0.0368359 0.331201
11 0.890321 0.992647 0.0474808 0.0147052 0.329692
2 0.619059 0.0345586 0.425189 0.0691173 0.268627
2 0.978706 0.615221 0.0423096 0.0880459 0.256328
11 0.400042 0.559939 0.0366089 0.0529966 0.250091
