2 0.449966 0.549553 0.258702 0.178439 0.885494
2 0.282605 0.127536 0.200594 0.15695 0.831033
2 0.31799 0.914064 0.341932 0.170898 0.775449
2 0.81902 0.188366 0.270393 0.194603 0.73923
7 0.14716 0.0174908 0.053143 0.0348493 0.67526
2 0.203551 0.652862 0.298365 0.190087 0.647514
2 0.052662 0.417807 0.105324 0.203747 0.590106
2 0.578708 0.86214 0.275916 0.221132 0.58803
11 0.949527 0.701945 0.0314484 0.0458124 0.582604
2 0.668751 0.931328 0.23489 0.136957 0.581818
11 0.824471 0.949809 0.0289837 0.0419885 0.568686
2 0.122485 0.182409 0.153162 0.143408 0.534671
2 0.037794 0.22634 0.075588 0.144088 0.489391
3 0.222478 0.0366721 0.0717104 0.0731939 0.481468
2 0.0575757 0.782251 0.114941 0.235399 0.448656
2 0.302518 0.3023 0.130437 0.142028 0.441065
2 0.914624 0.435014 0.170751 0.207738 0.419158
11 0.796261 0.877079 0.0245838 0.0441399 0.382938
2 0.381063 0.217713 0.0879361 0.106743 0.309054
2 0.684922 0.0368156 0.263578 0.0734742 0.307098
2 0.0984404 0.20226 0.196828 0.189011 0.293744
7 0.736976 0.7652 0.0387276 0.0486822 0.25511
