2 0.772476 0.0531132 0.126459 0.106226 0.889655
11 0.977573 0.025716 0.0402408 0.051432 0.853768
11 0.2802 0.413924 0.0384319 0.0544383 0.837939
11 0.150726 0.186953 0.0380421 0.0481347 0.834261
2 0.880911 0.674732 0.118189 0.1223 0.830642
11 0.194339 0.215012 0.0335944 0.0448814 0.829066
11 0.313485 0.826279 0.036092 0.0478836 0.82512
11 0.340613 0.872113 0.0374348 0.0480957 0.82471
11 0.0789974 0.0614868 0.0347862 0.0479214 0.821622
11 0.213604 0.29589 0.0332684 0.0448564 0.821507
11 0.414259 0.653108 0.0351693 0.0478931 0.82081
11 0.431275 0.921102 0.0334579 0.0424015 0.8193
11 0.350507 0.537727 0.0358166 0.0485775 0.81877
11 0.572373 0.949611 0.0341778 0.0476536 0.80681
11 0.382192 0.949426 0.0348184 0.0434531 0.795961
2 0.930341 0.53563 0.119233 0.0924731 0.790509
11 0.454285 0.961543 0.0318642 0.0422779 0.774835
11 0.531419 0.874321 0.0314732 0.0392788 0.76662
11 0.968372 0.125637 0.0368534 0.0493819 0.762608
11 0.507688 0.830987 0.0369689 0.0517609 0.76111
11 0.780556 0.983621 0.0409038 0.0309147 0.755259
11 0.0150185 0.0500991 0.0299945 0.0316486 0.749162
11 0.139095 0.365957 0.0278729 0.0453711 0.738498
11 0.452781 0.626395 0.0343897 0.0465906 0.721943
11 0.238372 0.473491 0.0422751 0.0338193 0.721485
11 0.421829 0.779913 0.0336951 0.0299677 0.719962
11 0.237075 0.336751 0.0350516 0.0466756 0.713587
11 0.410684 0.987987 0.0343664 0.0237507 0.713263
11 0.497547 0.655946 0.0346159 0.0429455 0.705298
11 0.308272 0.586634 0.0425382 0.0299134 0.699155
11 0.061002 0.228831 0.0309222 0.0448489 0.693696
11 0.124941 0.0922147 0.0389837 0.0492171 0.688219
11 0.267579 0.600902 0.0306429 0.0454319 0.685425
11 0.436098 0.697676 0.0340189 0.040056 0.683642
11 0.570646 0.607639 0.04615 0.0336054 0.677367
11 0.421426 0.343827 0.0463692 0.034781 0.67518
11 0.203607 0.480091 0.0298294 0.0449184 0.671529
11 0.354773 0.66915 0.0399635 0.0311789 0.666402
11 0.029295 0.167867 0.0273679 0.0420914 0.663091
11 0.598403 0.986368 0.0342097 0.0272642 0.658981
11 0.435783 0.546222 0.0313347 0.0413073 0.65711
11 0.338175 0.193319 0.0446768 0.0346531 0.647264
11 0.398138 0.814113 0.0328145 0.0410292 0.644835
11 0.0320244 0.1044 0.0399051 0.0287286 0.641874
11 0.47596 0.990444 0.0283859 0.0188408 0.632204
11 0.245654 0.0206585 0.0382539 0.0334863 0.621093
11 0.308625 0.462504 0.0317591 0.0408841 0.620603
11 0.374991 0.58142 0.0318115 0.0388989 0.619913
11 0.33193 0.642008 0.0408577 0.0265406 0.581613
11 0.746383 0.917446 0.0372835 0.0305609 0.579288
11 0.286932 0.555253 0.0424984 0.0315207 0.57799
11 0.346606 0.734103 0.0289518 0.0468794 0.576878
11 0.173416 0.421197 0.0331772 0.0479212 0.560138
11 0.105493 0.10591 0.0312159 0.0392265 0.552811
11 0.521666 0.521017 0.0457518 0.0312458 0.551802
11 0.395694 0.566743 0.0347538 0.0465122 0.511913
11 0.512882 0.492634 0.0399599 0.031151 0.508651
11 0.322332 0.613213 0.0406072 0.0270072 0.499752
11 0.992197 0.173477 0.0154288 0.0290995 0.477325
2 0.981296 0.902718 0.0370668 0.106011 0.475906
11 0.00480607 0.0205975 0.00961214 0.0329149 0.475616
11 0.391942 0.289704 0.0404225 0.0311556 0.465521
11 0.0762483 0.254568 0.0287634 0.0395205 0.46142
7 0.0138531 0.140176 0.0277063 0.0508166 0.460719
11 0.49278 0.660945 0.0379404 0.0511055 0.455549
11 0.501111 0.468278 0.0397003 0.0305057 0.447566
11 0.478449 0.440175 0.0432662 0.0312309 0.446561
11 0.308318 0.138775 0.0417371 0.0312289 0.44231
11 0.482046 0.673503 0.0390061 0.0478132 0.434593
2 0.111602 0.62796 0.222204 0.737637 0.418759
11 0.0420978 0.00555784 0.0313831 0.0109826 0.414621
11 0.31252 0.672656 0.0243203 0.0388007 0.412016
11 0.329831 0.447303 0.035973 0.0470806 0.405639
11 0.369762 0.237334 0.0354917 0.032373 0.391325
11 0.383873 0.267705 0.0400357 0.0337231 0.390258
11 0.0143941 0.139605 0.0284718 0.0507142 0.373845
11 0.546999 0.564719 0.043334 0.0336411 0.368218
2 0.75618 0.233773 0.451635 0.351785 0.361286
11 0.41533 0.556913 0.0340801 0.0459907 0.334716
11 0.368669 0.697503 0.0415212 0.0246517 0.331183
11 0.456858 0.680182 0.0343628 0.0432297 0.318222
11 0.284855 0.619015 0.0277563 0.039435 0.312865
2 0.6286 0.245165 0.217138 0.158556 0.298272
11 0.444346 0.690516 0.0392095 0.0410695 0.298097
11 0.108367 0.305965 0.0313772 0.0411513 0.295666
11 0.0211372 0.0788441 0.0409296 0.0294389 0.292978
11 0.555476 0.58859 0.0383469 0.030611 0.276682
11 0.450156 0.387406 0.0400204 0.0285081 0.264418
11 0.557932 0.595991 0.0389894 0.0379026 0.264379
11 0.25132 0.564256 0.026651 0.046783 0.262385
11 0.406517 0.312912 0.0451221 0.0376769 0.258823
11 0.382169 0.724857 0.0430814 0.0298398 0.256211
2 0.758331 0.291192 0.435751 0.233722 0.254125
