2 0.752194 0.102923 0.430308 0.205845 0.951561
11 0.270355 0.362589 0.0440595 0.0331331 0.842486
11 0.217741 0.369771 0.0497635 0.0300347 0.83374
11 0.0869982 0.0283149 0.0422113 0.027402 0.738275
2 0.46508 0.879692 0.31885 0.240617 0.736806
3 0.751136 0.4476 0.0768903 0.0579587 0.735746
2 0.260761 0.216761 0.504822 0.181665 0.70403
11 0.202269 0.479013 0.042584 0.025655 0.621105
2 0.0990146 0.946537 0.197297 0.106926 0.540537
2 0.37836 0.655208 0.756721 0.27019 0.469656
2 0.23264 0.855685 0.176312 0.141316 0.448394
2 0.388248 0.732636 0.776496 0.431678 0.443952
2 0.0486991 0.208323 0.0973983 0.18696 0.429208
11 0.104495 0.498812 0.0494017 0.0269211 0.386698
2 0.896162 0.950896 0.197687 0.0982081 0.379765
11 0.79948 0.990752 0.0244101 0.0183323 0.37643
11 0.0578933 0.50287 0.0450674 0.0297338 0.370774
2 0.0679318 0.946246 0.134773 0.10718 0.344165
11 0.461345 0.395692 0.0411862 0.0280038 0.342668
11 0.144122 0.137462 0.0235192 0.0430592 0.3261
2 0.75935 0.850493 0.303607 0.207454 0.314948
11 0.905414 0.809493 0.0207445 0.0283529 0.311977
2 0.760387 0.798861 0.306236 0.302842 0.309002
2 0.90517 0.647879 0.189659 0.375343 0.292657
11 0.321724 0.35258 0.0360889 0.0299397 0.250699
