2 0.598082 0.853775 0.127184 0.118234 0.867717
2 0.273563 0.161465 0.157938 0.147932 0.836956
11 0.682646 0.271935 0.0442947 0.030775 0.83138
11 0.533361 0.937574 0.0451027 0.034924 0.822559
2 0.0737675 0.272762 0.109622 0.110959 0.822326
2 0.942213 0.79496 0.115574 0.115974 0.818612
11 0.0315957 0.398368 0.048879 0.0341324 0.780425
2 0.666942 0.471557 0.321072 0.239563 0.780414
11 0.47899 0.875625 0.0379506 0.0289431 0.772806
2 0.896003 0.436549 0.207995 0.408292 0.755351
11 0.490638 0.924099 0.0369095 0.0298065 0.751445
11 0.202872 0.250391 0.0275232 0.0376832 0.716675
11 0.366064 0.8822 0.0379021 0.0280487 0.700722
2 0.366236 0.760614 0.153662 0.163416 0.591498
3 0.439755 0.13004 0.0763945 0.0779604 0.590853
11 0.218695 0.952286 0.0394367 0.0575256 0.550865
11 0.187507 0.206864 0.0234938 0.0334227 0.540113
2 0.363434 0.958233 0.160138 0.0828781 0.533977
2 0.663631 0.0434933 0.515541 0.0869865 0.512834
2 0.107167 0.0349639 0.173725 0.0695456 0.512373
11 0.314289 0.86743 0.0438841 0.0249352 0.49468
11 0.755877 0.992563 0.0410378 0.0148735 0.482407
11 0.657085 0.118818 0.0411461 0.0305818 0.450143
2 0.284411 0.562351 0.270542 0.252672 0.445431
2 0.103481 0.925176 0.204444 0.149173 0.425948
2 0.74107 0.872733 0.0654919 0.0883675 0.392902
2 0.797863 0.887917 0.0627829 0.0935478 0.387443
2 0.211016 0.618263 0.422031 0.364745 0.379536
2 0.885433 0.917508 0.123736 0.103442 0.358928
2 0.913602 0.922821 0.0667252 0.0921986 0.354281
2 0.533209 0.983046 0.125661 0.0339074 0.303725
3 0.23365 0.873826 0.110488 0.0577324 0.298541
2 0.855042 0.907009 0.0623955 0.0923931 0.298302
2 0.0275078 0.317804 0.0550155 0.169069 0.257763
