2 0.116361 0.820968 0.232722 0.279086 0.810533
2 0.72183 0.704837 0.523566 0.570739 0.766028
11 0.0827186 0.237553 0.054651 0.0325747 0.722067
2 0.484481 0.241489 0.151302 0.311115 0.690646
11 0.0939951 0.289553 0.0484715 0.0318069 0.625412
2 0.0739352 0.587945 0.14787 0.201858 0.613129
11 0.101698 0.315596 0.0459501 0.0289053 0.575438
11 0.0803996 0.264717 0.052957 0.0296175 0.571229
7 0.116971 0.504061 0.03683 0.0504464 0.428853
2 0.429038 0.0644766 0.136393 0.128953 0.384939
2 0.787491 0.242218 0.42232 0.265381 0.383748
11 0.116762 0.504707 0.0366655 0.0519557 0.367009
2 0.786825 0.172876 0.42241 0.345751 0.282751
