2 0.926551 0.81359 0.117748 0.111929 0.916191
2 0.641602 0.695785 0.13777 0.130696 0.911822
2 0.210134 0.447877 0.114731 0.117391 0.870761
2 0.294026 0.223557 0.124628 0.0914068 0.864177
2 0.8528 0.0920704 0.127873 0.12037 0.863271
2 0.449223 0.388679 0.120138 0.0984562 0.840058
2 0.805647 0.282699 0.124153 0.120764 0.836802
2 0.332454 0.907586 0.104162 0.103452 0.821072
11 0.0545158 0.751945 0.0281223 0.0490042 0.797112
11 0.803403 0.662596 0.0451481 0.0324617 0.795237
2 0.963385 0.617811 0.0732301 0.114106 0.781705
11 0.260921 0.97147 0.0388873 0.0301331 0.775133
2 0.338478 0.522762 0.11947 0.101277 0.773251
2 0.303611 0.0280546 0.126542 0.0558163 0.746415
2 0.547325 0.654081 0.125585 0.126516 0.731858
2 0.493201 0.120962 0.265447 0.187769 0.731388
2 0.62091 0.275983 0.0953615 0.0859672 0.703632
11 0.939645 0.00745593 0.0379295 0.0149119 0.700767
11 0.103005 0.229358 0.0245968 0.0463667 0.695007
11 0.0957938 0.120482 0.0265501 0.0588039 0.675476
2 0.141516 0.969701 0.164594 0.0605978 0.66801
11 0.711636 0.617823 0.0500375 0.029767 0.660937
2 0.173246 0.719499 0.111892 0.0936174 0.644647
2 0.310754 0.695219 0.143546 0.111382 0.639995
2 0.662291 0.0279999 0.111519 0.0559999 0.634864
11 0.0129425 0.152483 0.025885 0.0507166 0.630421
11 0.034093 0.163988 0.0278841 0.0497134 0.625464
2 0.53775 0.440743 0.129654 0.122227 0.604835
2 0.9762 0.204265 0.0473745 0.113667 0.597934
11 0.979618 0.0291085 0.0396705 0.0332061 0.592101
11 0.0101335 0.218668 0.020267 0.0425963 0.567825
2 0.878785 0.432889 0.108869 0.10914 0.567621
2 0.955438 0.93228 0.0888286 0.103674 0.548687
2 0.947715 0.376218 0.104482 0.13666 0.545522
2 0.743818 0.76554 0.127812 0.160256 0.519079
2 0.952394 0.497809 0.095212 0.0937459 0.504406
11 0.110133 0.0480148 0.0265916 0.0480057 0.496582
11 0.88984 0.704056 0.0375551 0.0359628 0.491616
2 0.229838 0.551718 0.0988771 0.0980488 0.485968
2 0.651832 0.444423 0.146949 0.126772 0.479848
11 0.430592 0.479878 0.0459854 0.0353329 0.475972
2 0.222206 0.849034 0.124488 0.120462 0.473856
2 0.147706 0.633499 0.0859888 0.0943439 0.464047
2 0.25412 0.296089 0.109739 0.0987133 0.463795
2 0.284083 0.0822452 0.0991608 0.0923031 0.434074
2 0.523103 0.867681 0.269596 0.236101 0.421994
2 0.899646 0.18891 0.134477 0.125378 0.402454
2 0.805246 0.38309 0.0887486 0.0858327 0.384349
2 0.720975 0.103913 0.135119 0.100675 0.359477
2 0.13136 0.815045 0.103052 0.12182 0.347403
2 0.488053 0.858419 0.202224 0.219064 0.30754
11 0.353518 0.378849 0.0350184 0.0424031 0.298363
2 0.752527 0.0440481 0.0987109 0.0877077 0.268091
2 0.050633 0.65952 0.100273 0.637523 0.256357
2 0.75852 0.734274 0.0976739 0.0992399 0.251667
