2 0.934348 0.475916 0.131303 0.0923903 0.917455
2 0.078914 0.634467 0.125823 0.120625 0.904669
2 0.864849 0.812637 0.118668 0.110089 0.900465
2 0.201742 0.899961 0.140839 0.127911 0.898147
2 0.279945 0.420381 0.150754 0.126123 0.894144
2 0.0639118 0.940678 0.0933539 0.0919462 0.879122
2 0.203596 0.283067 0.11537 0.121695 0.874457
2 0.461522 0.256461 0.128513 0.101788 0.859737
2 0.156665 0.11929 0.115125 0.109705 0.841841
2 0.126092 0.761303 0.142936 0.129603 0.840703
11 0.0963527 0.300199 0.0328315 0.0457404 0.840675
2 0.321977 0.618426 0.159977 0.194745 0.838267
7 0.940837 0.0505453 0.030394 0.0580144 0.833791
2 0.48532 0.372339 0.111921 0.116926 0.823356
11 0.175341 0.490191 0.0323839 0.042603 0.812138
11 0.213009 0.579716 0.0285908 0.0370026 0.80961
2 0.137281 0.0178246 0.0990871 0.0355415 0.807326
11 0.13509 0.400093 0.032927 0.0468592 0.798095
11 0.0296344 0.0823604 0.0295764 0.0486416 0.770622
11 0.19313 0.536152 0.0306659 0.0471498 0.760904
2 0.975279 0.308236 0.0494423 0.122952 0.757591
2 0.0550719 0.531286 0.101064 0.0917004 0.750072
11 0.546398 0.282861 0.0249293 0.039224 0.741429
11 0.927843 0.150565 0.028062 0.0469712 0.738771
3 0.645486 0.917944 0.0754929 0.0536972 0.718068
11 0.0527302 0.171738 0.0317243 0.0463674 0.71424
11 0.0418143 0.132284 0.0268657 0.0412036 0.701551
11 0.934862 0.105237 0.0224026 0.0383604 0.677581
2 0.971692 0.616879 0.0566169 0.0979952 0.656694
11 0.431881 0.605897 0.0323372 0.0416836 0.631089
11 0.831714 0.495265 0.0214047 0.0323248 0.626288
2 0.352225 0.0818829 0.0922442 0.104552 0.604931
2 0.893493 0.623732 0.105991 0.115083 0.570711
11 0.0123626 0.011231 0.0242731 0.022462 0.549468
11 0.577235 0.603029 0.0251195 0.035809 0.505444
2 0.303057 0.134914 0.0551589 0.0766546 0.424512
11 0.877556 0.355943 0.02314 0.0448427 0.399411
11 0.448856 0.571413 0.023965 0.034539 0.333606
11 0.719271 0.738611 0.0286162 0.0346487 0.304465
2 0.0126493 0.557223 0.0252985 0.0996423 0.279431
