2 0.490815 0.296978 0.127287 0.121468 0.910468
2 0.204728 0.636525 0.121396 0.114995 0.875214
2 0.521819 0.878975 0.121158 0.124658 0.867959
2 0.150274 0.470618 0.119779 0.171549 0.866989
2 0.631969 0.516786 0.128163 0.1324 0.859364
2 0.312463 0.124169 0.122301 0.142257 0.858071
2 0.204379 0.749054 0.0880377 0.104829 0.84907
2 0.463105 0.742281 0.139984 0.17893 0.845689
2 0.927928 0.968528 0.144145 0.0628658 0.838409
2 0.407052 0.0773943 0.115799 0.1244 0.803493
2 0.632826 0.070364 0.159471 0.139767 0.789071
2 0.100909 0.14211 0.12856 0.120005 0.788537
2 0.538037 0.965628 0.129873 0.0687441 0.769023
2 0.131221 0.337045 0.117192 0.0824836 0.764247
2 0.364337 0.348635 0.111583 0.0935287 0.760018
2 0.447123 0.6185 0.130557 0.079529 0.753899
11 0.601205 0.410735 0.0469353 0.0299995 0.717723
2 0.382633 0.442818 0.100836 0.107604 0.701529
2 0.436173 0.536973 0.100428 0.0897427 0.660171
2 0.152301 0.930504 0.123317 0.127471 0.658858
2 0.95973 0.706944 0.0805404 0.138087 0.608818
2 0.780907 0.100282 0.155164 0.200081 0.606023
2 0.047696 0.860255 0.0874649 0.0913553 0.603086
2 0.939183 0.252308 0.121009 0.14433 0.595562
2 0.755179 0.346048 0.125129 0.201283 0.441852
2 0.958126 0.012416 0.0837471 0.0247357 0.38063
2 0.339831 0.268387 0.111599 0.0869307 0.364267
2 0.080901 0.985185 0.0880014 0.0296302 0.329069
2 0.281694 0.977317 0.115412 0.0453664 0.313926
2 0.863335 0.679724 0.140704 0.231811 0.29297
2 0.965778 0.0162584 0.0677347 0.0325168 0.288841
2 0.270522 0.869068 0.148128 0.087452 0.287422
2 0.777253 0.0444959 0.153436 0.0889918 0.270292
