2 0.385008 0.632848 0.139768 0.26399 0.866592
11 0.569823 0.264883 0.0378198 0.0354032 0.844816
11 0.224239 0.740124 0.0231141 0.0470947 0.839475
11 0.650252 0.325314 0.0339364 0.0300694 0.821688
11 0.286034 0.703581 0.0271278 0.0474798 0.802995
2 0.143095 0.880741 0.115329 0.117449 0.800867
11 0.268453 0.931112 0.0282257 0.0432396 0.790727
2 0.353595 0.9367 0.128206 0.12591 0.786173
2 0.103973 0.962362 0.146143 0.075277 0.770094
11 0.300931 0.556867 0.0296451 0.0477373 0.767388
2 0.140189 0.375733 0.238664 0.266554 0.742783
11 0.206003 0.951159 0.0224718 0.0456083 0.74247
2 0.0598179 0.164513 0.119636 0.234286 0.729847
2 0.790811 0.294296 0.418377 0.418909 0.709396
11 0.530714 0.236193 0.0374536 0.0346152 0.700854
11 0.210693 0.896066 0.0236622 0.0477825 0.694021
2 0.149846 0.756874 0.124882 0.151246 0.692043
11 0.235062 0.947622 0.0225066 0.0441379 0.685992
2 0.162445 0.577947 0.136989 0.150124 0.660105
11 0.214666 0.841334 0.0250585 0.0504265 0.659632
7 0.292028 0.305917 0.0381942 0.0762748 0.6257
11 0.2315 0.670726 0.0249234 0.0498484 0.61663
11 0.297615 0.612173 0.023038 0.0362125 0.591089
2 0.734359 0.489327 0.364864 0.30038 0.590115
11 0.926909 0.506722 0.0483392 0.0487439 0.588162
7 0.927156 0.506189 0.0481861 0.0484992 0.542791
7 0.275245 0.828115 0.028265 0.0552511 0.490806
2 0.472402 0.94383 0.0891954 0.111874 0.477993
11 0.27567 0.828172 0.0292686 0.0551769 0.410707
2 0.509266 0.646346 0.0781259 0.263087 0.348341
2 0.777984 0.596793 0.444031 0.51761 0.34157
2 0.36661 0.819882 0.133318 0.12369 0.341046
2 0.0444344 0.508844 0.0887674 0.190884 0.277216
2 0.877591 0.731031 0.244718 0.254174 0.273028
