2 0.346352 0.357099 0.224233 0.193624 0.895464
2 0.706093 0.306976 0.170259 0.156424 0.881231
2 0.160351 0.526156 0.222636 0.233025 0.84736
11 0.936042 0.172238 0.0453552 0.0444611 0.83988
11 0.867211 0.0650729 0.0383274 0.0365097 0.790817
7 0.0994237 0.402808 0.0353883 0.0441941 0.780478
7 0.123568 0.375198 0.0424629 0.048875 0.762307
2 0.496652 0.828301 0.185084 0.184561 0.751932
2 0.77716 0.935324 0.120379 0.115548 0.739055
11 0.028579 0.336268 0.0223043 0.0504124 0.728579
11 0.259288 0.170091 0.037783 0.0455761 0.721306
2 0.559308 0.162079 0.31633 0.322251 0.70678
11 0.826131 0.0305302 0.0416523 0.0412861 0.705564
11 0.592252 0.907485 0.0365011 0.0354261 0.692543
11 0.143587 0.245142 0.0341065 0.0440977 0.674928
11 0.106129 0.271513 0.0343584 0.0418977 0.665992
11 0.991866 0.220147 0.0162684 0.0396813 0.646863
11 0.91546 0.0981135 0.0495411 0.0461803 0.645113
11 0.216849 0.314343 0.0332304 0.0434358 0.57117
11 0.163099 0.355269 0.0310512 0.0415161 0.56926
2 0.155503 0.0756523 0.232585 0.150744 0.539283
2 0.915519 0.876617 0.166324 0.09687 0.530784
6 0.624317 0.920538 0.110669 0.0950791 0.52967
2 0.969293 0.812793 0.0611786 0.131066 0.512222
11 0.63747 0.868202 0.0478454 0.0402469 0.506395
2 0.863993 0.620244 0.20991 0.193686 0.475013
11 0.202086 0.206376 0.0385022 0.0483635 0.469241
11 0.148747 0.242257 0.0378061 0.0441385 0.460088
11 0.179526 0.341038 0.0341399 0.0442063 0.456168
11 0.174853 0.350736 0.0340559 0.0393261 0.443055
11 0.788915 0.00865788 0.0383654 0.0173158 0.425796
11 0.297058 0.140342 0.0335487 0.0446652 0.424063
5 0.0701633 0.907407 0.140327 0.185186 0.405897
2 0.765626 0.567288 0.396671 0.331297 0.371018
11 0.180353 0.218376 0.0397748 0.0483469 0.352543
2 0.713561 0.989102 0.129804 0.0217962 0.328459
5 0.154311 0.8218 0.180194 0.188217 0.302649
7 0.601496 0.940071 0.0535292 0.0464874 0.285913
11 0.332607 0.237429 0.0328589 0.0410571 0.282313
11 0.1618 0.23378 0.03911 0.0473457 0.259854
