2 0.0936889 0.557919 0.187378 0.211656 0.914748
3 0.504335 0.0575089 0.0830476 0.0724976 0.866593
2 0.527426 0.465787 0.130742 0.139464 0.863236
2 0.48204 0.741847 0.158981 0.159739 0.861436
7 0.219463 0.662175 0.0335818 0.0574452 0.860048
7 0.273615 0.159044 0.0409539 0.0743815 0.851946
11 0.232153 0.57895 0.0245671 0.0461266 0.849128
7 0.255484 0.438191 0.0333059 0.0655365 0.840429
11 0.248036 0.317261 0.0263394 0.0435337 0.836404
2 0.635184 0.644453 0.154937 0.159202 0.836164
2 0.177717 0.170381 0.14107 0.174177 0.830997
2 0.341537 0.4788 0.0938344 0.100125 0.827121
11 0.169239 0.906583 0.0268087 0.0447571 0.799
2 0.0557181 0.932223 0.111398 0.13355 0.796461
11 0.198154 0.780447 0.0253924 0.0477459 0.793268
2 0.713858 0.973691 0.11609 0.052428 0.783304
2 0.201435 0.0486269 0.12756 0.0972538 0.779926
11 0.129227 0.947225 0.0286995 0.0460583 0.778694
11 0.259871 0.233676 0.0279664 0.048129 0.775913
11 0.27067 0.362436 0.0269554 0.0516696 0.755059
11 0.245184 0.515305 0.0259288 0.0492596 0.749878
11 0.150402 0.990018 0.0250313 0.0194672 0.743904
11 0.21002 0.717818 0.0276241 0.0498464 0.74275
11 0.206371 0.579994 0.0261743 0.0454952 0.735648
2 0.303036 0.763156 0.119682 0.10924 0.728007
11 0.236449 0.396064 0.026796 0.047011 0.721304
2 0.857149 0.939781 0.141949 0.120437 0.72005
11 0.218759 0.503816 0.027954 0.0425535 0.718064
11 0.349881 0.0523745 0.037527 0.0526548 0.709305
2 0.403669 0.271115 0.176914 0.240309 0.704268
11 0.282979 0.270297 0.0229089 0.0442119 0.703723
11 0.183221 0.842418 0.0282012 0.0501663 0.694677
11 0.178838 0.740983 0.0266298 0.0489182 0.687709
2 0.266327 0.917673 0.139213 0.154659 0.685092
2 0.665446 0.0841218 0.214857 0.168087 0.674401
2 0.0624616 0.115808 0.124462 0.225333 0.653182
11 0.169038 0.787828 0.0265928 0.046637 0.605651
11 0.154016 0.953072 0.0275526 0.0481573 0.575391
11 0.208476 0.843068 0.0221005 0.0402596 0.550177
2 0.32479 0.621667 0.105226 0.15222 0.549853
2 0.151395 0.285028 0.148163 0.098815 0.532483
2 0.735617 0.187174 0.356319 0.367607 0.514604
11 0.195515 0.636753 0.0284826 0.0493192 0.501943
2 0.323604 0.580739 0.087319 0.0784109 0.432712
2 0.0711509 0.778698 0.141899 0.209742 0.416354
2 0.795222 0.245736 0.224074 0.251791 0.415835
11 0.924232 0.185665 0.0406262 0.0268286 0.40568
2 0.0703118 0.810487 0.140624 0.143897 0.403662
7 0.417254 0.0593263 0.0638191 0.0328823 0.401515
7 0.0517795 0.382791 0.0339822 0.0495175 0.388751
2 0.592838 0.986376 0.119019 0.027249 0.282162
2 0.324573 0.654458 0.104436 0.093049 0.274014
2 0.142576 0.354303 0.146784 0.0837899 0.273424
11 0.963055 0.0172113 0.0296551 0.0344005 0.258521
