11 0.362439 0.954702 0.0375325 0.0348743 0.873516
11 0.6598 0.536617 0.039887 0.0445458 0.868667
11 0.740947 0.630833 0.0417357 0.0480505 0.857807
2 0.702813 0.381363 0.249615 0.252978 0.828542
2 0.871544 0.604847 0.256912 0.327602 0.825247
11 0.179897 0.819944 0.0343669 0.0305801 0.812025
11 0.857289 0.246794 0.0374872 0.044233 0.794643
11 0.775864 0.15446 0.0347144 0.0391155 0.785321
11 0.657536 0.0221632 0.0478546 0.0443264 0.783758
2 0.515741 0.161685 0.29681 0.312786 0.779021
11 0.604302 0.469823 0.0485548 0.0525192 0.776038
2 0.190714 0.279417 0.216033 0.17473 0.772273
2 0.482949 0.916222 0.207875 0.167274 0.767373
11 0.0638201 0.736134 0.0413663 0.0337286 0.719076
11 0.749399 0.122546 0.0311071 0.0368434 0.714997
11 0.0994007 0.760735 0.0272 0.0265057 0.69953
11 0.568283 0.43076 0.0350111 0.0367094 0.675814
11 0.990021 0.41062 0.0199583 0.0466057 0.669302
2 0.202021 0.937168 0.212564 0.125664 0.669101
2 0.381157 0.439182 0.255288 0.265744 0.664682
11 0.961795 0.369478 0.0439299 0.0472968 0.614543
2 0.0950159 0.645922 0.167891 0.149514 0.591345
11 0.4046 0.242998 0.0441441 0.0545428 0.573085
11 0.775936 0.67048 0.0366249 0.0405684 0.557849
11 0.80303 0.187581 0.0310454 0.0357235 0.551649
2 0.183002 0.0565426 0.319192 0.113085 0.524597
2 0.0710298 0.851236 0.14206 0.204161 0.47979
11 0.89136 0.284899 0.037168 0.0418842 0.477258
2 0.0495165 0.243006 0.0980015 0.372921 0.471351
2 0.406979 0.662785 0.11967 0.123749 0.469656
2 0.796698 0.0764497 0.201138 0.152707 0.462238
11 0.440763 0.28281 0.0397369 0.0470301 0.42628
7 0.961019 0.369429 0.0433392 0.0475552 0.405305
2 0.192363 0.528548 0.247972 0.235289 0.395625
2 0.221399 0.708256 0.160552 0.147741 0.365326
2 0.668221 0.756886 0.370543 0.454926 0.360019
2 0.919596 0.238748 0.160071 0.367486 0.352507
2 0.305153 0.773034 0.147298 0.14428 0.271612
