2 0.405753 0.333983 0.205785 0.249169 0.943554
2 0.123642 0.19226 0.246238 0.38452 0.82798
11 0.392609 0.0846494 0.0350358 0.0473602 0.816922
11 0.348487 0.0586301 0.035054 0.0435404 0.801666
11 0.876657 0.812276 0.0475359 0.0396027 0.785546
2 0.178297 0.919794 0.190183 0.160362 0.744002
11 0.329101 0.173309 0.0375334 0.049142 0.725889
2 0.0868382 0.498804 0.172963 0.250767 0.71447
2 0.894435 0.5815 0.165037 0.166067 0.545265
2 0.780067 0.635011 0.208944 0.179674 0.540341
2 0.278799 0.511505 0.142817 0.220933 0.496399
2 0.259759 0.740137 0.21264 0.248699 0.455325
2 0.0483726 0.687222 0.0967452 0.269633 0.44264
11 0.443849 0.119647 0.0523155 0.042504 0.441527
7 0.444126 0.119644 0.0524218 0.0424428 0.390023
2 0.713249 0.900173 0.392894 0.199655 0.377899
2 0.472777 0.670303 0.254396 0.458438 0.266777
11 0.260633 0.307346 0.0227527 0.0390998 0.253442
