6 0.502471 0.642095 0.16895 0.0425247 0.904591
11 0.348497 0.50135 0.0471957 0.0311488 0.843272
11 0.816393 0.626525 0.0536812 0.0304482 0.814555
11 0.741851 0.524177 0.0545094 0.032662 0.809953
11 0.0625364 0.516331 0.0472829 0.0322994 0.803625
11 0.891492 0.522974 0.0517351 0.0311264 0.783196
11 0.900201 0.477231 0.0428856 0.028728 0.777434
11 0.614821 0.532403 0.0534855 0.0331531 0.770014
11 0.53385 0.491402 0.053025 0.0324462 0.769552
6 0.346813 0.692146 0.172253 0.0451194 0.767341
11 0.939731 0.599549 0.0530426 0.0277584 0.762995
11 0.128297 0.555541 0.0499211 0.0304357 0.758853
11 0.588863 0.452965 0.0483375 0.027318 0.741796
11 0.238373 0.50865 0.0453397 0.0278091 0.724097
11 0.715371 0.444054 0.045127 0.0288294 0.721851
11 0.366223 0.53687 0.0608256 0.0354324 0.67505
11 0.0134049 0.562286 0.0266611 0.0291994 0.665579
7 0.235827 0.470401 0.0625091 0.0328803 0.634166
11 0.992449 0.44645 0.015103 0.0346059 0.579043
11 0.46951 0.607794 0.0445875 0.0214033 0.498325
11 0.504543 0.535465 0.0587667 0.0365051 0.480961
14 0.419995 0.68654 0.329676 0.062661 0.413397
7 0.504844 0.535278 0.0587135 0.0372635 0.369091
7 0.668338 0.0977345 0.0587763 0.0282662 0.297751
7 0.300804 0.467151 0.0664036 0.0334853 0.272506
6 0.301143 0.467693 0.0648877 0.0326662 0.258786
