11 0.102483 0.845836 0.0423542 0.0421619 0.850657
11 0.747541 0.781662 0.0551765 0.049996 0.826661
11 0.861688 0.850855 0.0525524 0.0431633 0.826505
11 0.806747 0.816644 0.044513 0.0390419 0.826172
11 0.0396368 0.0965004 0.045298 0.0425703 0.795816
11 0.642431 0.710913 0.0453943 0.0432932 0.783526
3 0.440983 0.724699 0.082855 0.0871987 0.770903
3 0.529529 0.640484 0.109053 0.12265 0.753004
11 0.572571 0.732466 0.0511605 0.0455083 0.743938
11 0.697088 0.745793 0.047611 0.0440032 0.69504
11 0.679823 0.768423 0.0450053 0.0425617 0.67611
11 0.170928 0.597617 0.0589649 0.0416131 0.646674
11 0.0670972 0.399087 0.0640096 0.050228 0.600229
7 0.180113 0.78233 0.0689141 0.061879 0.553784
3 0.500993 0.473893 0.0760502 0.0616667 0.526544
9 0.0733545 0.767268 0.146453 0.269658 0.40586
7 0.0674415 0.399272 0.0628456 0.0502001 0.325496
3 0.0125855 0.298919 0.0251317 0.047695 0.305891
3 0.274371 0.712437 0.100535 0.0808407 0.258361
