2 0.929035 0.131985 0.11015 0.141091 0.857509
11 0.681211 0.898947 0.0505537 0.0314285 0.823965
6 0.367159 0.230375 0.127775 0.0502585 0.818251
6 0.95592 0.86432 0.0881605 0.0442343 0.802081
11 0.868472 0.917313 0.04944 0.0313869 0.798933
11 0.904822 0.963685 0.0519598 0.0338516 0.77683
11 0.492989 0.178351 0.0472889 0.0304006 0.770675
11 0.32982 0.866886 0.0514369 0.0315979 0.76647
11 0.372626 0.794048 0.0496104 0.0317406 0.738418
11 0.374505 0.161137 0.0553026 0.0365564 0.731602
6 0.305032 0.827294 0.11216 0.043158 0.722499
11 0.937127 0.890921 0.046489 0.0282715 0.71577
11 0.492701 0.878516 0.0495446 0.0321243 0.708248
7 0.682279 0.829806 0.0739038 0.0371582 0.70005
11 0.730491 0.293856 0.0444083 0.0318775 0.55923
6 0.517774 0.252529 0.0903013 0.0466516 0.510374
11 0.674583 0.234152 0.0531778 0.0230574 0.501991
3 0.873539 0.3168 0.0542297 0.0631639 0.496239
11 0.510565 0.129048 0.0485272 0.0338171 0.473695
2 0.58757 0.016484 0.140733 0.0329574 0.373784
11 0.763696 0.178139 0.04797 0.0278795 0.355819
2 0.698714 0.0392778 0.102213 0.0783324 0.301349
6 0.653647 0.865184 0.183459 0.0516869 0.26013
