7 0.930667 0.874486 0.0622696 0.0407711 0.795377
7 0.596277 0.667732 0.0313867 0.0517266 0.792854
11 0.915209 0.923239 0.0474583 0.0317042 0.777534
2 0.318915 0.745855 0.637829 0.507501 0.76757
11 0.854756 0.775626 0.0454935 0.0355913 0.726801
11 0.458761 0.442783 0.0254675 0.0402222 0.712886
11 0.907005 0.976631 0.0451195 0.0343453 0.699759
7 0.0915513 0.419013 0.0345849 0.0535326 0.664892
11 0.50868 0.462934 0.0253085 0.0337273 0.641661
7 0.974264 0.923378 0.0514717 0.0382038 0.619888
7 0.973148 0.761766 0.051635 0.0406324 0.601635
11 0.977792 0.568798 0.0331047 0.0407776 0.578999
11 0.537289 0.461841 0.0261195 0.0367168 0.540334
11 0.162291 0.403117 0.0318957 0.0335469 0.530111
11 0.900271 0.993278 0.0448868 0.0134437 0.527339
11 0.811547 0.925091 0.0344612 0.0277208 0.510661
7 0.796537 0.979152 0.054113 0.0334725 0.501952
7 0.665484 0.503048 0.0302539 0.0457773 0.499707
11 0.800013 0.950836 0.0484583 0.0321278 0.494259
11 0.83698 0.850677 0.0499034 0.0317383 0.494068
7 0.844546 0.800932 0.0520281 0.0342833 0.48908
11 0.646982 0.68275 0.0251241 0.0474694 0.480162
11 0.878702 0.706448 0.0512308 0.0346011 0.459734
7 0.535462 0.631163 0.0468367 0.0903127 0.458513
6 0.534567 0.632411 0.0466234 0.0918047 0.454583
11 0.840774 0.827893 0.0507389 0.0304135 0.450745
7 0.641554 0.496662 0.0348751 0.0488493 0.440242
11 0.819089 0.899952 0.0445112 0.0360653 0.435765
11 0.488472 0.451696 0.0211868 0.030297 0.417654
11 0.639463 0.497122 0.0313607 0.0475931 0.377906
11 0.937161 0.589241 0.0368511 0.0478649 0.373167
7 0.879757 0.706345 0.0505403 0.0338286 0.370849
7 0.936854 0.587898 0.0375812 0.0479117 0.356752
11 0.903961 0.991041 0.046178 0.0177204 0.345755
7 0.969889 0.948181 0.0503681 0.0325668 0.344457
11 0.9186 0.599612 0.031925 0.0330097 0.333044
7 0.956283 0.988628 0.0521759 0.0227444 0.326583
7 0.960738 0.970615 0.0472778 0.0312805 0.301852
11 0.0066513 0.970084 0.0133026 0.035255 0.293683
11 0.992884 0.56499 0.0138828 0.0447864 0.2686
7 0.843182 0.827205 0.0508629 0.0307152 0.264815
11 0.960383 0.970329 0.0464523 0.0301712 0.259697
11 0.939366 0.84453 0.0494797 0.0354866 0.254307
2 0.656075 0.159558 0.143422 0.133831 0.252758
