2 0.731172 0.782946 0.217754 0.225955 0.951387
2 0.179075 0.27274 0.110295 0.113868 0.889824
2 0.657084 0.136884 0.115815 0.11441 0.887168
2 0.148667 0.062209 0.111321 0.119758 0.879986
2 0.0801669 0.951659 0.126082 0.0966827 0.870316
2 0.587645 0.0405195 0.155982 0.0808054 0.855882
2 0.321313 0.494459 0.205643 0.161238 0.837746
2 0.764558 0.417583 0.155888 0.209624 0.837461
11 0.348759 0.97871 0.0325949 0.0411545 0.813611
11 0.777625 0.0765688 0.033514 0.0451705 0.813012
7 0.950559 0.532609 0.063069 0.0473741 0.800249
11 0.518775 0.628823 0.0481354 0.0309814 0.790754
11 0.484703 0.68909 0.0516713 0.0364004 0.790647
3 0.194258 0.676179 0.0878624 0.058315 0.786335
11 0.751896 0.0265578 0.0363416 0.0523762 0.781932
2 0.951752 0.121597 0.0964025 0.225828 0.774286
11 0.800056 0.123703 0.0279245 0.0431039 0.77092
2 0.892702 0.697085 0.214595 0.135447 0.765579
11 0.0852937 0.808624 0.0452072 0.0404041 0.759158
3 0.264272 0.717626 0.0611079 0.097875 0.704309
11 0.925353 0.422825 0.0248774 0.038538 0.671928
2 0.870543 0.0422083 0.0937807 0.0844166 0.660268
2 0.557041 0.450994 0.0991079 0.111707 0.659331
2 0.45424 0.884112 0.249844 0.231777 0.657696
11 0.707638 0.596723 0.0430693 0.0228386 0.654209
11 0.301118 0.873295 0.038542 0.0531597 0.651456
2 0.480158 0.470119 0.0850696 0.105614 0.633582
11 0.805933 0.582985 0.0430542 0.0229559 0.584538
7 0.301559 0.873039 0.0386343 0.0532772 0.523881
3 0.170198 0.750145 0.0575988 0.0756353 0.508385
11 0.0570664 0.338457 0.0365011 0.052527 0.506613
11 0.0326622 0.273693 0.0248208 0.0310554 0.429641
2 0.969984 0.772928 0.0600311 0.206278 0.406646
2 0.0235292 0.529467 0.0470583 0.238992 0.361
11 0.376118 0.650049 0.0430308 0.0297133 0.352634
7 0.0571215 0.337665 0.035119 0.0540041 0.335117
