2 0.0795309 0.815092 0.157718 0.361035 0.809705
11 0.0777986 0.649219 0.0388179 0.027059 0.748117
2 0.871445 0.606635 0.228555 0.211622 0.737297
11 0.178533 0.86247 0.0290396 0.0468803 0.707967
2 0.286082 0.959987 0.248347 0.0800201 0.696905
11 0.117169 0.990788 0.0326856 0.0182314 0.62092
11 0.270913 0.814547 0.0400822 0.0263405 0.552986
11 0.497307 0.972981 0.0382286 0.0268505 0.495879
2 0.566895 0.319412 0.788529 0.621149 0.292046
13 0.064414 0.28728 0.128828 0.208666 0.287012
2 0.781792 0.350278 0.435291 0.630463 0.273186
13 0.086859 0.0889379 0.173718 0.177876 0.2554
