2 0.7216 0.513579 0.281382 0.306278 0.87569
2 0.218053 0.936284 0.109889 0.127204 0.859232
2 0.403495 0.700456 0.129301 0.132555 0.808459
2 0.396858 0.945926 0.120264 0.106645 0.807331
2 0.669228 0.798313 0.203546 0.244007 0.766696
3 0.516516 0.846686 0.0650347 0.0377205 0.738557
11 0.0170448 0.903112 0.0337232 0.0407366 0.723108
2 0.656429 0.959447 0.188869 0.0811067 0.699041
2 0.932075 0.342984 0.135745 0.201241 0.57664
2 0.962192 0.138194 0.0756166 0.230049 0.524781
2 0.306791 0.815399 0.0901565 0.102648 0.520498
3 0.490232 0.530679 0.117344 0.0843719 0.50721
2 0.972334 0.922829 0.0553324 0.127638 0.481496
11 0.757797 0.0858207 0.0398322 0.0369117 0.475605
3 0.525124 0.281271 0.0681151 0.0551238 0.469878
3 0.457728 0.534096 0.0476638 0.0867373 0.389626
2 0.405594 0.84099 0.117855 0.117554 0.369343
3 0.658675 0.252101 0.0616183 0.0638969 0.322861
2 0.0442553 0.729584 0.0884112 0.256451 0.312634
11 0.200157 0.746404 0.0316125 0.0296486 0.285872
11 0.0209338 0.889003 0.0404116 0.0435337 0.267229
