3 0.598306 0.690342 0.0895252 0.0656906 0.869192
6 0.722008 0.804266 0.124477 0.0720485 0.831661
11 0.253961 0.693977 0.0371783 0.0333162 0.8266
11 0.943449 0.40281 0.0346794 0.0490292 0.820642
3 0.953647 0.329611 0.0927051 0.0845681 0.819266
7 0.77558 0.0748822 0.0429296 0.0583307 0.816312
3 0.619145 0.797036 0.0798908 0.134623 0.806271
11 0.432588 0.771162 0.0401664 0.0312217 0.790752
11 0.451787 0.877694 0.0344272 0.0433189 0.790165
7 0.72068 0.408008 0.0476873 0.0687427 0.785382
11 0.764967 0.442572 0.0344536 0.0444059 0.76252
3 0.836653 0.282164 0.0921899 0.125616 0.748564
11 0.47003 0.951334 0.0307081 0.0369448 0.747823
2 0.313292 0.904306 0.225795 0.190551 0.731272
11 0.207546 0.678872 0.0456266 0.029147 0.729642
11 0.453727 0.661036 0.0480862 0.0372656 0.72859
7 0.745476 0.0239002 0.0452775 0.0478004 0.69636
2 0.0479641 0.891443 0.0958651 0.216819 0.68989
11 0.736806 0.489476 0.0295754 0.0383224 0.687805
11 0.646467 0.653326 0.0247756 0.0395327 0.650399
11 0.427523 0.702289 0.0431962 0.0353986 0.624098
11 0.836134 0.820901 0.0482388 0.0372297 0.622011
11 0.407572 0.642096 0.0469079 0.0353834 0.606432
7 0.107075 0.516149 0.0486672 0.0386297 0.568283
2 0.339081 0.143059 0.185139 0.260372 0.555034
2 0.466363 0.589835 0.218954 0.154182 0.549978
11 0.814237 0.149182 0.0321311 0.0331968 0.485908
2 0.825931 0.508685 0.208308 0.206089 0.484751
2 0.106907 0.131448 0.18598 0.184299 0.478231
11 0.882896 0.837909 0.0446877 0.0327725 0.476651
2 0.304899 0.52961 0.161661 0.1387 0.475207
11 0.620133 0.599336 0.0391544 0.0649806 0.456893
3 0.0105647 0.531116 0.0211295 0.119126 0.448184
11 0.810118 0.135041 0.0390403 0.0608965 0.431564
2 0.0446278 0.720979 0.0883974 0.166556 0.417505
2 0.821276 0.602528 0.353442 0.391444 0.399037
2 0.978285 0.105668 0.043141 0.140384 0.377039
2 0.470323 0.120083 0.198079 0.240165 0.375574
2 0.0886443 0.262848 0.173081 0.128353 0.373721
2 0.357086 0.406615 0.18666 0.120979 0.363392
11 0.806485 0.128983 0.0412752 0.0504192 0.353518
2 0.0513468 0.384368 0.101571 0.216728 0.352399
2 0.553384 0.46147 0.199176 0.221288 0.350015
3 0.510865 0.842953 0.0963888 0.0833576 0.33737
11 0.773211 0.915799 0.0471101 0.0382401 0.329982
3 0.949859 0.014554 0.0809151 0.029108 0.32601
2 0.127229 0.0282125 0.147938 0.0550189 0.298496
2 0.101223 0.180689 0.197472 0.279791 0.285741
3 0.00909636 0.516141 0.0181927 0.115947 0.265965
2 0.714787 0.674247 0.141475 0.190383 0.25201
