11 0.539221 0.842194 0.0430974 0.0338497 0.852382
11 0.49282 0.824132 0.0403797 0.0347021 0.84977
11 0.589144 0.862459 0.0470999 0.0370789 0.839037
11 0.414986 0.47335 0.029993 0.0452015 0.833671
11 0.641135 0.110252 0.034293 0.0495855 0.830721
11 0.981955 0.456096 0.031543 0.0494553 0.826253
11 0.8733 0.191093 0.0336437 0.0455659 0.826175
11 0.976127 0.325235 0.0393185 0.0340263 0.807592
11 0.696686 0.272849 0.0403036 0.03247 0.793657
11 0.440876 0.892412 0.0434552 0.0324951 0.792672
7 0.470236 0.227875 0.0384211 0.0595106 0.780121
11 0.564371 0.198124 0.0345323 0.046367 0.768541
11 0.741575 0.157797 0.0444175 0.034937 0.751119
11 0.934694 0.308273 0.0457484 0.0355644 0.748681
11 0.940563 0.434859 0.0307987 0.042449 0.747468
11 0.681089 0.0199038 0.0359273 0.0397095 0.744383
2 0.0684631 0.893872 0.136926 0.209192 0.743129
3 0.342422 0.692284 0.108156 0.0785778 0.74087
2 0.697273 0.627618 0.460803 0.387009 0.715966
11 0.719228 0.219477 0.0410522 0.0332261 0.690325
11 0.779214 0.361662 0.0348909 0.0533414 0.674524
11 0.663189 0.0528662 0.0308013 0.035953 0.657058
11 0.707025 0.247972 0.043214 0.0364385 0.64702
11 0.728461 0.183593 0.0404316 0.0343949 0.643805
11 0.922619 0.330091 0.0350603 0.0301955 0.641706
11 0.963555 0.35168 0.0402231 0.0351003 0.637646
3 0.228502 0.742165 0.0533553 0.0966751 0.635547
11 0.922235 0.215418 0.0293218 0.0420831 0.629301
3 0.272582 0.859104 0.106935 0.0699478 0.626438
11 0.814212 0.162735 0.0329926 0.0467904 0.617329
11 0.89187 0.41525 0.0332011 0.0420629 0.604288
11 0.105409 0.74205 0.0507539 0.0394124 0.597833
11 0.866997 0.39808 0.0329893 0.043714 0.550181
7 0.105018 0.742075 0.0511056 0.0398969 0.538339
11 0.806759 0.374938 0.0335081 0.0469172 0.535589
11 0.667737 0.987357 0.0409014 0.0252859 0.52953
11 0.992242 0.369954 0.0147156 0.0333306 0.529501
11 0.720966 0.336576 0.0302338 0.0487495 0.527022
11 0.918137 0.426853 0.0303066 0.0422628 0.508819
11 0.835652 0.384249 0.0357994 0.0504637 0.498953
3 0.579627 0.139502 0.0747555 0.0478726 0.465138
11 0.444345 0.276101 0.0320772 0.0439677 0.458419
3 0.347396 0.676595 0.0964266 0.0718851 0.445381
11 0.708007 0.992047 0.0387674 0.0159066 0.440753
2 0.189382 0.343528 0.378764 0.687056 0.41529
2 0.511486 0.953879 0.413127 0.0922429 0.370797
11 0.752389 0.35198 0.0310211 0.0424673 0.369992
2 0.912875 0.142362 0.17425 0.284297 0.322874
11 0.0651435 0.731895 0.0296141 0.0263712 0.303223
3 0.386208 0.824264 0.058913 0.101856 0.297792
11 0.712964 0.235392 0.0425717 0.0481378 0.272004
11 0.951642 0.22603 0.0293844 0.0413373 0.267748
