11 0.853338 0.714872 0.0354122 0.0474054 0.887069
3 0.777545 0.466785 0.0775859 0.104861 0.866041
11 0.567822 0.206346 0.0348901 0.0441486 0.859163
11 0.616592 0.276809 0.0368233 0.0466366 0.846776
11 0.800255 0.638834 0.035202 0.0433094 0.836132
11 0.600656 0.347601 0.0344264 0.045196 0.833343
11 0.587282 0.569603 0.0373983 0.0352042 0.831383
2 0.903971 0.136598 0.191969 0.180823 0.831233
11 0.97867 0.807104 0.0335014 0.0401167 0.829487
11 0.567035 0.649253 0.0355604 0.0453234 0.826034
11 0.487674 0.176139 0.0327556 0.0395257 0.825715
11 0.38503 0.0592946 0.0445103 0.0303642 0.825686
2 0.785918 0.338916 0.237087 0.166146 0.820562
11 0.631117 0.538904 0.0437729 0.0381609 0.820284
11 0.949794 0.765693 0.0352821 0.0465587 0.81915
11 0.54162 0.260651 0.0341682 0.0439935 0.798888
11 0.829966 0.594612 0.0377323 0.0453471 0.797645
11 0.967496 0.886749 0.0362551 0.0453831 0.793246
11 0.331859 0.550261 0.0413463 0.0376165 0.79242
11 0.881203 0.754736 0.034539 0.040588 0.78344
2 0.143392 0.880799 0.286493 0.238135 0.760357
11 0.489803 0.782784 0.0420351 0.0353858 0.749449
11 0.440534 0.722163 0.0327179 0.029364 0.734074
11 0.472119 0.761406 0.0448261 0.0389156 0.718936
11 0.208035 0.264599 0.0376407 0.0334873 0.718605
11 0.986049 0.281431 0.0277511 0.0364946 0.691555
11 0.580074 0.94237 0.0359497 0.0395526 0.673037
11 0.227441 0.568102 0.0358067 0.0307914 0.663632
2 0.617572 0.165194 0.157215 0.173522 0.646852
2 0.425182 0.327378 0.366571 0.440802 0.625335
11 0.237761 0.30668 0.0406917 0.0362855 0.593755
11 0.556684 0.981469 0.0308992 0.0362663 0.575227
7 0.473387 0.576977 0.0543889 0.0426429 0.569289
11 0.514838 0.681798 0.0416705 0.032036 0.563472
2 0.741749 0.833377 0.311611 0.331525 0.519505
11 0.400364 0.475297 0.0384034 0.0387444 0.515615
11 0.280262 0.370393 0.032883 0.0323031 0.506295
2 0.489486 0.43046 0.221603 0.236378 0.49739
11 0.993187 0.843174 0.013419 0.0355067 0.449167
11 0.428168 0.513453 0.0361601 0.0338623 0.43325
2 0.88751 0.498407 0.176987 0.177453 0.416372
2 0.704327 0.792446 0.23527 0.25334 0.395415
11 0.978139 0.353689 0.0365883 0.032527 0.386634
11 0.373103 0.427935 0.0431242 0.0348788 0.382077
11 0.279777 0.604181 0.0369672 0.0400925 0.359505
2 0.55274 0.0603137 0.125618 0.119357 0.321444
2 0.355752 0.23377 0.228967 0.255394 0.313984
11 0.643339 0.852669 0.0283756 0.0339872 0.254595
