2 0.571291 0.668322 0.404618 0.364445 0.900356
2 0.340619 0.815281 0.134912 0.0982473 0.883143
11 0.448245 0.389511 0.0434056 0.0357537 0.84442
11 0.342909 0.586294 0.0308749 0.0422615 0.817635
11 0.0836621 0.109207 0.0387648 0.0363502 0.799818
11 0.386315 0.501314 0.0348437 0.0432304 0.780309
11 0.705359 0.970889 0.0298391 0.0433432 0.773909
11 0.211867 0.727141 0.0304148 0.0469943 0.772121
2 0.873506 0.866901 0.116125 0.138502 0.764761
11 0.732104 0.923812 0.0365692 0.0502037 0.755859
11 0.188151 0.774708 0.0318635 0.0449702 0.739864
11 0.214077 0.189166 0.0499373 0.04291 0.71174
2 0.0445667 0.863765 0.088985 0.122567 0.688976
2 0.112603 0.795066 0.130627 0.141969 0.678822
11 0.342258 0.477056 0.030433 0.0434364 0.63694
3 0.402846 0.446455 0.0601279 0.0550274 0.636122
2 0.0838505 0.323853 0.131493 0.115516 0.632079
11 0.237114 0.318305 0.0482187 0.0387066 0.630797
2 0.844811 0.960265 0.103677 0.0794701 0.615661
2 0.18998 0.968463 0.124062 0.0630736 0.587343
7 0.298722 0.562856 0.0378719 0.0529045 0.567764
2 0.709566 0.273074 0.147971 0.18324 0.524358
2 0.161571 0.704893 0.104649 0.0944991 0.523016
2 0.572488 0.991222 0.135354 0.0171589 0.517358
11 0.804604 0.796058 0.0317465 0.0450543 0.511369
2 0.0263349 0.267332 0.0525891 0.121445 0.466921
2 0.676891 0.890598 0.0741942 0.0866867 0.389507
2 0.176454 0.550194 0.291968 0.261533 0.361947
2 0.81471 0.115621 0.293748 0.230945 0.347929
2 0.626521 0.945024 0.107712 0.0939185 0.321635
2 0.967 0.963531 0.0660004 0.0729107 0.306155
11 0.174456 0.168749 0.0290551 0.0269234 0.294148
2 0.292038 0.914183 0.097544 0.107149 0.290786
2 0.96932 0.939293 0.0611381 0.121413 0.266767
