2 0.710899 0.781362 0.379059 0.436265 0.851713
2 0.757386 0.31798 0.398719 0.425542 0.83894
3 0.783948 0.0412712 0.0957133 0.0825425 0.821904
2 0.310121 0.333185 0.297677 0.221159 0.736506
11 0.988128 0.237465 0.0237432 0.0484794 0.635025
2 0.131743 0.0788862 0.21289 0.157772 0.556621
2 0.355983 0.881656 0.278136 0.236492 0.473904
3 0.485117 0.0366806 0.0639259 0.0727747 0.407451
2 0.197897 0.703272 0.254325 0.270206 0.392064
2 0.937937 0.117721 0.124125 0.233954 0.332209
2 0.0427594 0.145742 0.0854423 0.244293 0.30479
2 0.116858 0.510589 0.233716 0.280209 0.303232
11 0.0147063 0.321917 0.0293372 0.0406751 0.266305
