2 0.872139 0.728846 0.253808 0.24797 0.866912
2 0.745672 0.134187 0.192375 0.158862 0.866008
3 0.374748 0.131561 0.0673751 0.112782 0.852324
2 0.109415 0.115817 0.218243 0.213571 0.849012
2 0.632006 0.502944 0.218909 0.223708 0.832312
2 0.459844 0.954896 0.141609 0.0902079 0.828712
3 0.64694 0.857934 0.0717647 0.151513 0.795765
3 0.513732 0.656459 0.0772318 0.0602121 0.794862
3 0.239458 0.165563 0.0658453 0.112838 0.790681
11 0.957142 0.954017 0.0433592 0.03027 0.770115
2 0.554725 0.251164 0.241148 0.30562 0.740496
2 0.0564142 0.448197 0.112452 0.0773728 0.726286
11 0.66438 0.0235397 0.0444854 0.0250259 0.719794
2 0.46684 0.0343166 0.213968 0.0683151 0.640993
11 0.287748 0.704213 0.0410044 0.0264908 0.63526
3 0.445145 0.745194 0.0642883 0.101525 0.626976
2 0.912229 0.105572 0.175107 0.188547 0.626907
11 0.856726 0.018409 0.0442701 0.0286097 0.613535
2 0.212911 0.485796 0.425821 0.456063 0.602646
11 0.991499 0.922758 0.0170012 0.0314907 0.602103
11 0.580553 0.755384 0.0395092 0.0516354 0.578235
2 0.837447 0.950626 0.146752 0.0987474 0.570981
2 0.2646 0.860477 0.179477 0.229204 0.549816
3 0.337353 0.217453 0.0914492 0.0584924 0.545352
7 0.241203 0.694184 0.0487225 0.031949 0.530975
11 0.496117 0.79922 0.0338476 0.034426 0.471007
11 0.959574 0.903179 0.043 0.0306083 0.374915
2 0.0368121 0.831063 0.0736101 0.148459 0.356514
2 0.16109 0.341262 0.319168 0.160894 0.315652
11 0.019961 0.655612 0.0398903 0.0276459 0.275006
