3 0.301586 0.51803 0.0688125 0.0515671 0.852519
11 0.107113 0.0936995 0.030668 0.0432171 0.852247
2 0.94513 0.627772 0.109741 0.124303 0.851982
2 0.583654 0.0745999 0.126017 0.126633 0.850279
2 0.711948 0.725938 0.102459 0.140365 0.84377
11 0.314766 0.185739 0.0459856 0.0309666 0.841834
2 0.689925 0.954343 0.165346 0.0913142 0.839701
11 0.392717 0.58611 0.040778 0.0291174 0.83598
11 0.0269148 0.604936 0.0412758 0.0328875 0.826291
11 0.122853 0.584584 0.044004 0.0330148 0.8214
11 0.642565 0.509422 0.0503725 0.0332054 0.815458
2 0.598019 0.215219 0.175756 0.127859 0.802861
2 0.613696 0.71453 0.120437 0.12589 0.801741
11 0.231255 0.414468 0.0323343 0.0525654 0.795905
3 0.802367 0.617084 0.0874859 0.0486843 0.790185
11 0.526335 0.533284 0.0561699 0.0330319 0.789983
11 0.847493 0.508723 0.0439663 0.029898 0.77592
11 0.156015 0.221266 0.0327337 0.0485977 0.772415
2 0.116767 0.477006 0.232223 0.235565 0.75599
11 0.177692 0.277637 0.0319149 0.0512951 0.754757
2 0.953067 0.822749 0.0938663 0.0990217 0.750838
11 0.649777 0.0348281 0.0303574 0.049102 0.749292
11 0.391507 0.645477 0.0483933 0.0293102 0.743011
3 0.719097 0.547768 0.047918 0.0921238 0.72956
11 0.0912247 0.644847 0.0439556 0.029694 0.717399
3 0.89724 0.424204 0.05676 0.0695508 0.71581
2 0.319519 0.775291 0.15757 0.12722 0.705106
2 0.521568 0.732768 0.096712 0.122085 0.700909
2 0.186785 0.0231406 0.105914 0.0462022 0.700179
11 0.194742 0.571025 0.050336 0.0372027 0.688408
11 0.198977 0.178433 0.0275509 0.0450398 0.683365
11 0.0883517 0.0480076 0.0344627 0.0511768 0.680757
2 0.268421 0.114994 0.117797 0.109567 0.677629
11 0.0739323 0.59527 0.0468763 0.0354801 0.66804
11 0.671905 0.120249 0.0262196 0.0431298 0.663355
11 0.686197 0.173199 0.0277925 0.0487995 0.653571
2 0.422727 0.751875 0.108229 0.113882 0.652564
3 0.985715 0.940887 0.0284172 0.0842365 0.646234
11 0.213452 0.222449 0.0316677 0.0447206 0.632599
2 0.182943 0.842948 0.170939 0.178906 0.626273
2 0.758458 0.0361715 0.110028 0.0717208 0.613175
11 0.661232 0.079747 0.0275515 0.0423658 0.582048
7 0.296452 0.669976 0.05369 0.0338084 0.556914
2 0.802402 0.119768 0.113388 0.126302 0.5532
11 0.196124 0.323874 0.0306324 0.0453689 0.549042
11 0.46201 0.518101 0.0268682 0.0444672 0.520037
11 0.124186 0.138111 0.0324988 0.0410805 0.508239
11 0.0734986 0.0108136 0.0312566 0.0216271 0.5048
11 0.159354 0.608403 0.0490554 0.0310493 0.503295
2 0.475751 0.359722 0.166248 0.129081 0.488651
11 0.167152 0.706149 0.0479417 0.0334883 0.477276
2 0.358455 0.415569 0.127203 0.111956 0.464811
7 0.160137 0.608631 0.0491182 0.0311799 0.457388
2 0.0218369 0.0368807 0.0436738 0.0735834 0.427824
7 0.166813 0.70658 0.0481721 0.0328969 0.417546
2 0.0920379 0.942124 0.156672 0.115751 0.395229
2 0.934424 0.22255 0.115585 0.0852349 0.367344
3 0.963005 0.510508 0.0571135 0.0844065 0.361001
2 0.086363 0.226913 0.171911 0.346904 0.352456
2 0.242763 0.942773 0.122039 0.10399 0.310512
