11 0.835921 0.75522 0.0472321 0.0314426 0.86973
11 0.539321 0.691828 0.0471453 0.0325304 0.864756
2 0.558177 0.223483 0.141307 0.446966 0.864447
11 0.378553 0.598971 0.0457175 0.034801 0.849926
11 0.0801278 0.534204 0.0482533 0.0337504 0.8489
11 0.914285 0.773077 0.0508951 0.0346574 0.848108
11 0.375619 0.658152 0.0534345 0.0355364 0.845993
2 0.193101 0.246886 0.38569 0.119477 0.844079
11 0.447509 0.673834 0.0438881 0.030796 0.837015
11 0.269885 0.634888 0.0503889 0.0327949 0.83694
11 0.478659 0.619295 0.0472502 0.0316433 0.835735
11 0.330508 0.588286 0.0493718 0.0316055 0.832431
11 0.768903 0.741842 0.0513733 0.0333908 0.830006
11 0.571119 0.638763 0.0442116 0.0312243 0.822196
11 0.492102 0.681332 0.0415937 0.0298259 0.822036
11 0.319261 0.645721 0.0471883 0.0306196 0.821594
11 0.129258 0.543487 0.0444189 0.0295452 0.816371
11 0.588182 0.704351 0.0468252 0.0343132 0.813544
11 0.0724371 0.592761 0.0456471 0.0304266 0.811745
11 0.527395 0.630714 0.0413866 0.0296653 0.811743
7 0.768915 0.686917 0.0606771 0.034878 0.811328
11 0.898125 0.686371 0.0441536 0.0302153 0.805056
11 0.61661 0.624611 0.0494641 0.035478 0.804052
11 0.972016 0.786109 0.049622 0.0338137 0.802022
7 0.691133 0.67046 0.0716263 0.0384327 0.790426
11 0.638027 0.713723 0.050019 0.0352177 0.788315
11 0.0260796 0.522178 0.0512165 0.0343292 0.785814
11 0.104807 0.688979 0.0274434 0.0484802 0.781776
11 0.754455 0.654221 0.0464733 0.0309048 0.77571
7 0.84244 0.70086 0.0703072 0.0380535 0.762808
11 0.963092 0.727427 0.0526264 0.0296157 0.75995
11 0.0404393 0.67678 0.0251999 0.0477759 0.74837
11 0.0255956 0.585123 0.0455596 0.0340341 0.747032
11 0.468043 0.823939 0.0502462 0.0285724 0.738715
11 0.661964 0.632733 0.0390374 0.0329413 0.722227
2 0.904578 0.150365 0.190845 0.198678 0.720803
11 0.202621 0.846642 0.0243519 0.0480064 0.701862
11 0.599926 0.941916 0.0233011 0.0498749 0.694613
11 0.918634 0.0387116 0.0251179 0.042564 0.684226
11 0.0154448 0.766816 0.0306713 0.0481854 0.675087
11 0.0610762 0.784918 0.0243567 0.0448228 0.645222
11 0.65178 0.947652 0.0246616 0.0460468 0.635858
7 0.13679 0.149153 0.0626341 0.028476 0.621112
2 0.309336 0.911691 0.164246 0.149309 0.609086
7 0.575453 0.933871 0.0292023 0.0580894 0.608235
3 0.214291 0.528375 0.0554662 0.135805 0.57001
11 0.402596 0.933591 0.0193016 0.0381061 0.567682
11 0.621055 0.651699 0.0481966 0.028178 0.485204
11 0.674497 0.952667 0.028252 0.0501072 0.470903
7 0.497332 0.917015 0.0311298 0.0457769 0.46962
11 0.54775 0.926946 0.0299736 0.047934 0.466615
11 0.230335 0.849438 0.0256577 0.0456205 0.464995
11 0.241274 0.572802 0.0422709 0.0316404 0.462435
6 0.969635 0.704546 0.0607303 0.0414139 0.46188
11 0.497367 0.916948 0.0292459 0.0467436 0.456068
11 0.0334593 0.992026 0.0405007 0.0158295 0.431334
11 0.52467 0.925336 0.0212494 0.0451258 0.429824
11 0.59285 0.983506 0.0228748 0.0325416 0.388524
2 0.321139 0.756454 0.268646 0.116302 0.387031
7 0.619308 0.98351 0.0292993 0.0328907 0.371732
11 0.470106 0.0223461 0.0385942 0.0227935 0.371232
11 0.396353 0.980059 0.0200009 0.0306717 0.31688
6 0.263318 0.575554 0.0869159 0.0337082 0.26553
11 0.995616 0.739694 0.0087691 0.0331505 0.260397
11 0.514835 0.97102 0.0250326 0.0357842 0.254087
