2 0.57305 0.203351 0.144181 0.16265 0.924272
2 0.10648 0.250758 0.117338 0.152645 0.915356
2 0.316924 0.592369 0.124317 0.129644 0.911198
2 0.40026 0.954526 0.121762 0.0909472 0.908765
2 0.35766 0.793814 0.100028 0.0923414 0.907169
2 0.231889 0.232786 0.120104 0.143379 0.90586
2 0.0610792 0.728494 0.121689 0.0929813 0.898869
12 0.616093 0.052835 0.0700009 0.0479528 0.884986
2 0.520239 0.365574 0.121443 0.118226 0.866872
2 0.100904 0.507204 0.13631 0.133865 0.866532
11 0.631128 0.977499 0.0482212 0.0289541 0.814239
2 0.724016 0.685948 0.133065 0.22137 0.807012
2 0.699553 0.516321 0.179542 0.109689 0.795462
2 0.0636889 0.627724 0.114478 0.123199 0.793779
2 0.448753 0.0851918 0.144116 0.115078 0.793287
2 0.254961 0.386958 0.111622 0.10237 0.786911
2 0.821968 0.817708 0.102919 0.126078 0.776835
11 0.3912 0.407491 0.0285008 0.0408409 0.76247
2 0.57059 0.458193 0.162083 0.120095 0.7576
2 0.205524 0.718136 0.110642 0.113527 0.753378
2 0.225553 0.887158 0.118759 0.119273 0.728453
2 0.0235914 0.369417 0.047056 0.136108 0.708785
11 0.40596 0.461434 0.0262625 0.0497586 0.67739
11 0.529011 0.978802 0.0284246 0.0416796 0.664892
11 0.582702 0.590027 0.0288054 0.0458624 0.620058
11 0.324836 0.133646 0.0241766 0.0419166 0.50742
11 0.495548 0.840673 0.0261181 0.0410324 0.43404
2 0.750259 0.922164 0.148696 0.0910687 0.392875
2 0.752747 0.982639 0.192037 0.0343997 0.380247
2 0.0810218 0.94621 0.1615 0.0629944 0.335825
2 0.150183 0.802135 0.131169 0.050952 0.274694
