2 0.266304 0.670093 0.21304 0.261001 0.866862
11 0.43166 0.364137 0.0471379 0.0368412 0.855065
11 0.303993 0.30238 0.047888 0.0387492 0.852087
11 0.808795 0.589101 0.044327 0.0378281 0.849732
2 0.165692 0.0534933 0.196692 0.106316 0.848232
11 0.953048 0.605642 0.0449192 0.0364476 0.832452
2 0.932112 0.155615 0.135777 0.143494 0.821299
11 0.823 0.53954 0.0481855 0.0377178 0.820846
11 0.749452 0.695453 0.0421352 0.0407648 0.819393
11 0.601668 0.453985 0.0503978 0.0412836 0.804095
7 0.565091 0.55157 0.0427742 0.0553098 0.791534
7 0.534541 0.540674 0.0445872 0.0533558 0.781475
2 0.594143 0.904952 0.441027 0.189191 0.781116
2 0.399979 0.232573 0.153473 0.137212 0.765709
2 0.093586 0.340899 0.187172 0.241067 0.76052
11 0.243161 0.35821 0.0476782 0.0367543 0.760397
11 0.329547 0.425227 0.0477884 0.0374884 0.75555
11 0.0440001 0.223111 0.0430254 0.0308508 0.731476
11 0.989464 0.624246 0.0209896 0.0367813 0.717301
11 0.0325678 0.137364 0.0470951 0.0349703 0.675727
11 0.779503 0.517037 0.0407078 0.0326194 0.671903
2 0.866955 0.27944 0.176223 0.200403 0.671298
11 0.362039 0.469449 0.0452775 0.0370986 0.620211
2 0.710217 0.115849 0.10876 0.102792 0.578454
11 0.387825 0.427938 0.0487462 0.035751 0.564184
2 0.900611 0.762469 0.198778 0.192576 0.564183
2 0.966074 0.0669473 0.0678513 0.133895 0.545905
11 0.218736 0.395721 0.0474278 0.0344801 0.53232
11 0.596545 0.562262 0.033288 0.0481761 0.504414
11 0.650246 0.674756 0.0336535 0.0298081 0.498308
2 0.193925 0.767818 0.360775 0.464364 0.482801
11 0.675814 0.634546 0.0287611 0.0270203 0.46108
11 0.683767 0.610556 0.0370684 0.0326069 0.433793
2 0.883185 0.744082 0.163882 0.152341 0.423321
2 0.148324 0.874009 0.265377 0.251982 0.413687
2 0.571485 0.176448 0.0916677 0.0877923 0.407819
2 0.412153 0.0943307 0.119693 0.0944942 0.394999
11 0.322071 0.44388 0.0476978 0.0331028 0.382066
7 0.596226 0.563375 0.033129 0.0487504 0.368398
11 0.375592 0.448422 0.0459724 0.0397878 0.365586
2 0.900947 0.470045 0.182587 0.149994 0.330609
11 0.37019 0.453425 0.0448511 0.0394939 0.328557
2 0.799896 0.021648 0.12942 0.043244 0.321839
11 0.214584 0.43451 0.0351057 0.0316424 0.297507
2 0.755489 0.0546376 0.0943965 0.0843607 0.253844
2 0.661836 0.206598 0.105819 0.106034 0.251265
