2 0.0777373 0.955409 0.132582 0.0889597 0.921451
2 0.527731 0.736302 0.132282 0.130151 0.913275
2 0.585141 0.484624 0.1202 0.123648 0.905851
2 0.318401 0.805275 0.138229 0.168847 0.904148
2 0.369224 0.598678 0.118606 0.105251 0.897508
2 0.844632 0.758241 0.15155 0.109367 0.882156
2 0.40977 0.316588 0.124168 0.0983398 0.851845
11 0.918956 0.351666 0.0416053 0.0312382 0.843509
2 0.242616 0.260954 0.158583 0.141242 0.831791
11 0.837687 0.324885 0.0414265 0.0318093 0.812155
2 0.194088 0.665791 0.128214 0.0966293 0.811074
2 0.0436824 0.197094 0.0870508 0.129652 0.779796
11 0.958125 0.364906 0.0397949 0.0299337 0.777073
2 0.480366 0.101152 0.197236 0.198894 0.766513
11 0.92198 0.872796 0.0433964 0.0348957 0.760554
2 0.871118 0.041204 0.120675 0.0824081 0.750767
2 0.0618644 0.769008 0.123371 0.123473 0.747956
2 0.401825 0.41008 0.132283 0.110213 0.719385
11 0.467015 0.447187 0.0254409 0.0475759 0.699849
11 0.720731 0.282284 0.0408912 0.033803 0.690066
2 0.563866 0.584208 0.124915 0.0991296 0.683467
3 0.53428 0.207134 0.0683445 0.0456708 0.67078
3 0.369513 0.91031 0.0754339 0.0566479 0.65112
2 0.748113 0.206194 0.282021 0.190729 0.633343
3 0.583107 0.258593 0.0394192 0.055755 0.58484
2 0.980963 0.536257 0.0380298 0.166235 0.563335
2 0.700759 0.386821 0.100883 0.107888 0.555509
7 0.650166 0.257859 0.0565812 0.0417369 0.539694
11 0.762991 0.294512 0.046736 0.0318951 0.538969
2 0.954911 0.778354 0.0883446 0.103514 0.534861
3 0.350581 0.989636 0.0686318 0.0207285 0.515699
2 0.25478 0.985612 0.125087 0.0284933 0.515157
2 0.295024 0.480904 0.291863 0.142231 0.513028
2 0.11967 0.271267 0.0990701 0.0985567 0.500273
2 0.697328 0.0222333 0.0917233 0.0444665 0.484334
2 0.605913 0.378769 0.101054 0.0726918 0.462717
2 0.72211 0.960798 0.101606 0.0784051 0.443927
11 0.650066 0.25819 0.0556408 0.0427613 0.437498
2 0.94147 0.480382 0.087947 0.103518 0.429387
11 0.481711 0.395611 0.0246813 0.0490943 0.401778
2 0.942493 0.990892 0.115014 0.0182018 0.387039
2 0.0321525 0.0331163 0.0643051 0.0659892 0.313256
2 0.238691 0.0837806 0.0741369 0.0611441 0.297918
2 0.964267 0.329943 0.0714577 0.0853143 0.264459
2 0.0372318 0.621123 0.0744636 0.0969538 0.255087
2 0.851609 0.473671 0.111995 0.106057 0.25455
2 0.0771117 0.539261 0.154223 0.148734 0.251
2 0.643454 0.833888 0.158069 0.122524 0.250036
