2 0.556269 0.867658 0.124151 0.148107 0.887209
2 0.953853 0.653204 0.092294 0.138828 0.83636
11 0.291859 0.333333 0.0334024 0.0488818 0.791599
11 0.0127002 0.917871 0.0249174 0.0473927 0.789482
11 0.72207 0.586716 0.0262457 0.0457621 0.76604
11 0.687639 0.595666 0.0264337 0.0432289 0.733944
2 0.570425 0.967672 0.125762 0.064637 0.717166
2 0.511142 0.713054 0.126184 0.163953 0.696291
12 0.76292 0.864255 0.0576608 0.0509086 0.627242
11 0.991986 0.514121 0.0160273 0.0414074 0.623307
11 0.243381 0.373685 0.0277663 0.0412459 0.545841
11 0.785241 0.570691 0.0248942 0.0440313 0.544419
2 0.6359 0.668686 0.184677 0.0910729 0.522851
2 0.732125 0.316877 0.535751 0.633754 0.480226
2 0.809907 0.215689 0.380187 0.424589 0.419947
2 0.591571 0.477258 0.238825 0.326751 0.387511
11 0.978507 0.44964 0.0429863 0.0464106 0.340468
2 0.163537 0.019537 0.116817 0.0389568 0.322597
2 0.940456 0.136735 0.118946 0.272648 0.304426
