2 0.38646 0.879387 0.460294 0.241225 0.880121
3 0.152282 0.359966 0.0769948 0.143029 0.862873
3 0.272595 0.292243 0.133673 0.082257 0.835862
11 0.102873 0.337565 0.0389919 0.0346709 0.827865
3 0.332829 0.431784 0.0833102 0.139777 0.827175
3 0.885585 0.565941 0.106948 0.0876428 0.802472
11 0.818105 0.940088 0.0436944 0.0330883 0.788953
7 0.714738 0.662991 0.061371 0.0457229 0.769195
3 0.940322 0.683316 0.0861553 0.141799 0.737226
11 0.350658 0.137165 0.0229951 0.0459469 0.729039
11 0.780399 0.665561 0.0491879 0.0398278 0.720598
3 0.230129 0.493567 0.107998 0.0788193 0.716364
2 0.131822 0.129015 0.262924 0.256978 0.640945
11 0.0468705 0.952348 0.0344448 0.051765 0.63639
7 0.0513151 0.314793 0.0494061 0.0403034 0.539837
2 0.882284 0.182638 0.200905 0.275418 0.532391
11 0.316345 0.232177 0.0347907 0.0560087 0.526867
2 0.717001 0.407292 0.327942 0.237722 0.464309
11 0.258203 0.416057 0.0306568 0.0422401 0.461126
2 0.965886 0.512942 0.068228 0.278041 0.430476
11 0.206813 0.574717 0.0285328 0.0418419 0.427222
7 0.31721 0.231841 0.0351772 0.0574357 0.426486
11 0.0515368 0.314391 0.0499368 0.0399991 0.41152
11 0.258152 0.404905 0.0316395 0.0638528 0.390832
2 0.474445 0.357847 0.186544 0.143032 0.334762
7 0.419368 0.422078 0.0639127 0.0470702 0.334322
11 0.428415 0.0150462 0.0282032 0.0300428 0.327667
11 0.419655 0.421635 0.0630614 0.0475559 0.326595
2 0.468727 0.306125 0.252048 0.241078 0.296212
