11 0.716598 0.10971 0.0410248 0.0449727 0.870086
11 0.11311 0.853273 0.0536606 0.0427819 0.827431
11 0.774958 0.211298 0.0436749 0.0512957 0.822184
11 0.822193 0.398028 0.034778 0.0419551 0.773241
2 0.359717 0.920031 0.199923 0.159929 0.733732
11 0.853438 0.443808 0.0367634 0.0466633 0.72644
2 0.736938 0.442942 0.337602 0.521489 0.712998
3 0.436736 0.73923 0.0683152 0.173963 0.702479
11 0.83201 0.313349 0.0390053 0.0465375 0.68272
3 0.79305 0.0368008 0.0995801 0.0734962 0.669515
11 0.0794984 0.958053 0.0457251 0.034394 0.644905
11 0.0319241 0.981068 0.0490647 0.0348261 0.641397
11 0.0731474 0.183512 0.0472324 0.0371163 0.633977
11 0.798549 0.356829 0.0334915 0.0469908 0.586569
3 0.547535 0.859259 0.115312 0.0514839 0.548984
2 0.89887 0.858819 0.20226 0.282362 0.496414
2 0.700528 0.895119 0.173572 0.209089 0.451929
11 0.569253 0.537403 0.0252814 0.0479982 0.434689
2 0.230537 0.063569 0.223342 0.127138 0.432307
2 0.0884799 0.726748 0.17646 0.235503 0.415007
2 0.281779 0.510085 0.192769 0.311394 0.382549
11 0.538005 0.380359 0.0280752 0.0533513 0.350554
2 0.116877 0.971124 0.233109 0.0577511 0.339063
2 0.696599 0.848463 0.179484 0.303073 0.312679
3 0.42789 0.711367 0.0580752 0.107828 0.309899
3 0.495613 0.0774499 0.128196 0.0809711 0.302768
2 0.0715177 0.140689 0.14292 0.281379 0.276049
7 0.538449 0.380641 0.0297306 0.053062 0.271578
