2 0.225555 0.865438 0.45111 0.268299 0.939346
2 0.819159 0.679929 0.154886 0.151724 0.913123
2 0.217686 0.209247 0.110603 0.125343 0.901343
2 0.364798 0.192549 0.117672 0.102651 0.874081
2 0.590288 0.11108 0.148296 0.170916 0.858059
2 0.878334 0.42784 0.157633 0.189581 0.854315
2 0.079884 0.190238 0.111545 0.135412 0.812997
11 0.662631 0.298004 0.0434398 0.0350987 0.806171
2 0.84635 0.0589443 0.113573 0.117889 0.772207
11 0.213554 0.398429 0.0521642 0.0386821 0.75007
11 0.265245 0.386785 0.0404306 0.0269085 0.738367
11 0.752339 0.286727 0.0368624 0.0291085 0.728672
11 0.151075 0.411142 0.0570754 0.0350129 0.725351
2 0.727032 0.44126 0.132918 0.152089 0.716723
11 0.711315 0.292144 0.0457527 0.0324733 0.708767
11 0.3685 0.369811 0.0450742 0.0295042 0.705962
11 0.41407 0.356101 0.0466707 0.0342236 0.695041
11 0.725413 0.258565 0.054218 0.034271 0.684675
2 0.766514 0.102328 0.115657 0.135981 0.662932
2 0.960439 0.694513 0.0790953 0.115709 0.651908
11 0.10075 0.41468 0.0469189 0.0350981 0.640034
2 0.931727 0.0510453 0.134547 0.102088 0.57024
11 0.98979 0.759886 0.0204203 0.0426877 0.438887
3 0.508013 0.298132 0.0392286 0.0640197 0.415
2 0.62797 0.504775 0.093317 0.103482 0.359421
11 0.0541167 0.302667 0.0230256 0.0372812 0.28917
2 0.107901 0.0484077 0.0967029 0.0494407 0.28639
2 0.0872397 0.0371393 0.156754 0.0742786 0.270401
11 0.983401 0.209054 0.0331414 0.0376481 0.262674
