11 0.66419 0.70939 0.0365999 0.0460006 0.871633
2 0.716412 0.534092 0.163145 0.150064 0.868267
2 0.566835 0.326243 0.155785 0.141496 0.837552
2 0.491599 0.180469 0.138541 0.121652 0.828355
11 0.576624 0.58038 0.0346523 0.0484549 0.802133
2 0.546729 0.853951 0.127242 0.110893 0.800996
2 0.859519 0.831608 0.126961 0.135305 0.800946
11 0.747998 0.834866 0.0332617 0.0380178 0.781256
11 0.832535 0.961751 0.0379415 0.0497002 0.776983
2 0.695389 0.39808 0.130034 0.121239 0.76337
2 0.735315 0.0329265 0.103951 0.0658469 0.698458
2 0.631735 0.980792 0.121824 0.0383554 0.685684
2 0.80526 0.705784 0.129948 0.119693 0.683795
2 0.29612 0.78607 0.108732 0.119137 0.661344
2 0.876193 0.0872802 0.153908 0.145427 0.636231
2 0.393731 0.920723 0.160623 0.158554 0.628231
2 0.939936 0.927528 0.120129 0.14398 0.598107
11 0.778453 0.880187 0.046793 0.0537303 0.5896
2 0.422053 0.628798 0.130291 0.117274 0.584419
2 0.742889 0.158395 0.182064 0.167648 0.552239
11 0.63341 0.285471 0.0372859 0.0458209 0.544084
2 0.275625 0.977086 0.0840615 0.0458204 0.507569
2 0.894595 0.311292 0.172037 0.166118 0.480795
2 0.732266 0.652446 0.120712 0.111214 0.479316
2 0.558971 0.956214 0.105031 0.0875731 0.435421
2 0.433577 0.0355262 0.176539 0.0708072 0.434343
2 0.719066 0.167828 0.133824 0.148049 0.43353
11 0.202255 0.345653 0.0318318 0.0379292 0.428362
2 0.536183 0.761931 0.118787 0.105128 0.425756
2 0.0509118 0.037495 0.101632 0.0748066 0.385571
3 0.095837 0.248234 0.0742503 0.0803043 0.383545
2 0.465675 0.70502 0.124646 0.11063 0.330993
2 0.904529 0.267732 0.190942 0.261444 0.280863
2 0.957682 0.222141 0.0846354 0.205104 0.270953
2 0.75867 0.0332777 0.162271 0.0664828 0.268959
2 0.955518 0.0387083 0.0889635 0.0774052 0.261521
2 0.163887 0.974083 0.106663 0.051834 0.255558
