2 0.549717 0.0722745 0.145354 0.121627 0.920565
2 0.387219 0.0573641 0.18802 0.112933 0.876745
3 0.168699 0.749757 0.0572618 0.153316 0.84835
3 0.538202 0.598571 0.0779878 0.0717643 0.837448
11 0.0540823 0.30195 0.0301454 0.049206 0.816833
2 0.289282 0.536523 0.31775 0.246598 0.814971
2 0.786328 0.858315 0.166133 0.133414 0.802761
2 0.602576 0.955642 0.254548 0.0887158 0.800672
11 0.351279 0.679654 0.0462117 0.0377025 0.799679
2 0.924122 0.941698 0.151756 0.116604 0.799475
11 0.953614 0.0592374 0.0446465 0.0331026 0.792882
11 0.817967 0.807427 0.0416647 0.0347952 0.79024
11 0.782138 0.40633 0.0372621 0.033901 0.784807
11 0.0237679 0.0908379 0.0246298 0.0453128 0.783923
3 0.0685114 0.709747 0.134548 0.0991314 0.782273
11 0.948311 0.199883 0.0448799 0.0387934 0.77594
11 0.0170088 0.558811 0.0340176 0.0548201 0.770091
11 0.0288957 0.631686 0.025701 0.0541196 0.760691
3 0.549125 0.49036 0.0694495 0.10617 0.751672
2 0.16586 0.0749877 0.1816 0.148939 0.74955
2 0.319516 0.330841 0.172077 0.0954289 0.741625
11 0.0380163 0.182185 0.0281049 0.0464451 0.740096
3 0.0912092 0.899008 0.12935 0.109873 0.737504
11 0.753792 0.711939 0.0436243 0.0375505 0.723787
2 0.69271 0.264699 0.177776 0.169399 0.722136
11 0.0689793 0.391247 0.0275309 0.0556458 0.712451
11 0.980602 0.23874 0.0387958 0.0422579 0.694832
2 0.174931 0.301602 0.126473 0.113176 0.689712
11 0.0166922 0.0372578 0.025746 0.0419112 0.687807
2 0.580584 0.34747 0.16507 0.144679 0.687416
2 0.587751 0.739635 0.188907 0.164841 0.68507
11 0.663185 0.0114976 0.0446937 0.0229951 0.628993
11 0.703347 0.736917 0.0395703 0.0319045 0.614921
2 0.809633 0.653789 0.140975 0.150916 0.604205
2 0.812668 0.161124 0.374011 0.226233 0.587169
2 0.482292 0.412721 0.145798 0.125836 0.57409
2 0.918267 0.710122 0.152004 0.176387 0.443464
11 0.667031 0.391446 0.0380544 0.0293681 0.430105
2 0.96982 0.78304 0.0603596 0.190647 0.426728
11 0.923542 0.818323 0.0488907 0.0358998 0.408081
2 0.265316 0.895097 0.164409 0.200305 0.405576
2 0.324689 0.894938 0.287836 0.209648 0.381188
11 0.471117 0.51358 0.0457653 0.0402304 0.362298
2 0.699358 0.0991577 0.156075 0.115472 0.362175
11 0.582303 0.539211 0.0430623 0.0549177 0.328197
2 0.893684 0.426843 0.091922 0.107195 0.325315
2 0.872889 0.173613 0.249876 0.196675 0.324979
11 0.629594 0.411099 0.0366097 0.0311053 0.305326
11 0.694179 0.467578 0.0263794 0.0243033 0.288521
11 0.707004 0.685492 0.0395328 0.0336982 0.27847
2 0.416367 0.839582 0.117237 0.0849159 0.258319
