2 0.638449 0.137584 0.140344 0.1402 0.849702
11 0.494995 0.299778 0.0492082 0.0400581 0.831157
2 0.114929 0.913743 0.228998 0.172514 0.829186
11 0.398403 0.257641 0.0476028 0.0343286 0.798449
2 0.263996 0.741285 0.175373 0.21623 0.795207
11 0.740911 0.411124 0.0457384 0.0347264 0.78597
11 0.984741 0.386646 0.0278822 0.0451966 0.781812
2 0.800055 0.641081 0.399891 0.402003 0.759585
11 0.361752 0.874665 0.034493 0.0518349 0.725871
11 0.886358 0.476581 0.0387127 0.0288055 0.707289
11 0.0362872 0.240758 0.0315677 0.0490309 0.700805
11 0.279195 0.951752 0.0347354 0.0504226 0.697913
11 0.565934 0.440178 0.0388267 0.031563 0.678977
3 0.134221 0.034793 0.0844168 0.0695861 0.675139
2 0.207028 0.542122 0.195791 0.1862 0.666123
11 0.351298 0.236495 0.0503302 0.0381637 0.643771
11 0.541108 0.499487 0.0427102 0.0336371 0.61521
11 0.082817 0.065037 0.0346767 0.0366504 0.61031
11 0.0122973 0.300143 0.0245945 0.0451974 0.522398
7 0.553558 0.471887 0.0598986 0.0434117 0.495417
11 0.798232 0.437913 0.0382253 0.0233891 0.467422
2 0.3969 0.0760678 0.383466 0.152136 0.452564
3 0.0754096 0.151571 0.0900681 0.0658437 0.452476
3 0.704975 0.37573 0.0638855 0.0850971 0.43527
7 0.5183 0.54824 0.0573509 0.0490599 0.413116
3 0.978119 0.43251 0.0436264 0.0759868 0.404012
2 0.864795 0.23785 0.27041 0.356555 0.361667
11 0.517849 0.548009 0.0557865 0.048465 0.342562
3 0.548283 0.351112 0.0714764 0.0531005 0.322535
