2 0.659362 0.757183 0.311047 0.363928 0.917622
2 0.342698 0.219619 0.109084 0.108989 0.868866
2 0.577558 0.175433 0.140615 0.135652 0.848188
2 0.905633 0.214528 0.188734 0.223727 0.839114
2 0.462979 0.207065 0.143501 0.142292 0.829945
11 0.152979 0.271766 0.0464462 0.0322046 0.818918
2 0.286849 0.0407994 0.140488 0.0815989 0.737248
11 0.870346 0.662591 0.0403419 0.0344572 0.731999
11 0.376637 0.375438 0.0496085 0.0350156 0.704384
2 0.127552 0.0445863 0.159502 0.0891725 0.605606
2 0.0579249 0.565664 0.103651 0.110199 0.54488
2 0.979573 0.0629243 0.0404173 0.125849 0.530967
2 0.219055 0.178103 0.0953949 0.105169 0.521336
2 0.130501 0.16513 0.10625 0.112959 0.521064
11 0.9885 0.824229 0.0222217 0.03852 0.515225
11 0.0787775 0.945263 0.053561 0.0467884 0.505396
3 0.850113 0.42381 0.0603848 0.109332 0.498604
2 0.0314782 0.0418581 0.0628718 0.0837161 0.485017
2 0.75418 0.0102685 0.170307 0.0203747 0.446227
2 0.0216313 0.600882 0.0431607 0.151739 0.425742
2 0.766121 0.190549 0.0929752 0.0948451 0.366489
11 0.180892 0.352942 0.056007 0.0307173 0.364779
11 0.00669457 0.468341 0.0133891 0.0358127 0.343187
2 0.17482 0.110051 0.0955188 0.0869613 0.321273
3 0.959997 0.57988 0.0727295 0.0581818 0.288409
2 0.72816 0.240179 0.121919 0.128223 0.251515
