2 0.427454 0.529787 0.154911 0.320636 0.887831
2 0.172008 0.107597 0.195793 0.214146 0.864504
11 0.972715 0.33888 0.0311783 0.0468008 0.818687
2 0.0667873 0.920836 0.133258 0.158329 0.812629
11 0.95013 0.381983 0.0366821 0.0456191 0.791527
11 0.935758 0.272986 0.0309792 0.0410115 0.784594
7 0.359421 0.115456 0.032265 0.0624674 0.771587
3 0.365468 0.254807 0.0874225 0.0591341 0.750478
11 0.728725 0.764876 0.030163 0.0355126 0.729236
11 0.968167 0.219403 0.0318138 0.048795 0.720172
7 0.920974 0.427734 0.0385222 0.0514067 0.712737
11 0.990151 0.29152 0.019508 0.0435567 0.702794
11 0.987923 0.1729 0.024154 0.051573 0.681063
2 0.799763 0.812247 0.400474 0.375431 0.656172
2 0.54519 0.204979 0.176563 0.409952 0.651278
11 0.910901 0.31457 0.0324106 0.0421416 0.559224
11 0.382333 0.0145516 0.0227133 0.0291033 0.405591
2 0.650523 0.208703 0.392553 0.417406 0.367891
3 0.724499 0.721058 0.0891083 0.0686783 0.325613
