11 0.643109 0.58133 0.0490391 0.0327035 0.780554
7 0.150789 0.927814 0.0289792 0.0497463 0.726684
7 0.0893565 0.930339 0.0285043 0.0566147 0.681799
2 0.521742 0.786303 0.17187 0.160824 0.678794
2 0.0358981 0.925519 0.0717961 0.148696 0.670557
7 0.826726 0.451856 0.056989 0.0410271 0.657093
7 0.19493 0.925097 0.0261969 0.0494851 0.61943
2 0.477374 0.930496 0.265793 0.138812 0.58055
11 0.201833 0.982792 0.0402739 0.0233017 0.571422
11 0.863267 0.486056 0.0512537 0.0352688 0.547726
7 0.319005 0.855662 0.0281317 0.0586353 0.529454
11 0.652009 0.544583 0.0420509 0.0269621 0.507106
11 0.238537 0.961417 0.0331551 0.021577 0.37603
7 0.238554 0.924624 0.0262762 0.0475645 0.343161
11 0.194592 0.924908 0.0284134 0.0502289 0.26132
11 0.238794 0.922812 0.0269879 0.0487175 0.255213
