11 0.227619 0.540805 0.0545602 0.0311954 0.809161
11 0.357454 0.415158 0.0534384 0.0298639 0.804947
11 0.669629 0.375058 0.0602039 0.0304549 0.793884
11 0.689364 0.550028 0.0604731 0.0331109 0.784025
11 0.0683907 0.534973 0.0586738 0.0358209 0.782927
11 0.0655303 0.347532 0.0538564 0.0312764 0.763467
11 0.341162 0.536 0.0530781 0.0296242 0.762943
11 0.191745 0.497387 0.0531724 0.028017 0.734187
11 0.447923 0.544074 0.0522503 0.0285928 0.712418
11 0.807351 0.589054 0.0437229 0.028577 0.696908
11 0.735582 0.510848 0.0608863 0.0302081 0.686773
11 0.906856 0.554483 0.0620892 0.032124 0.674813
11 0.59502 0.502412 0.0487546 0.0255169 0.649707
11 0.662877 0.58589 0.0559919 0.029325 0.649501
11 0.429664 0.502741 0.0474564 0.0270144 0.492681
11 0.0148969 0.574067 0.029569 0.0331725 0.417537
11 0.995433 0.555121 0.00913342 0.0270086 0.307377
