11 0.0622504 0.677704 0.0459093 0.0367609 0.816235
11 0.481787 0.947681 0.0484382 0.0448517 0.8068
7 0.392087 0.963585 0.062635 0.0393101 0.788859
11 0.307266 0.831314 0.0380507 0.0365898 0.777086
7 0.244774 0.781897 0.0592919 0.0497549 0.761822
11 0.493845 0.987976 0.0488662 0.0240267 0.729737
2 0.297863 0.489279 0.25593 0.290594 0.720945
11 0.661673 0.972738 0.0501083 0.0337059 0.714563
11 0.876563 0.909965 0.0493032 0.0323906 0.695721
11 0.108426 0.707782 0.0358921 0.030081 0.692723
11 0.964748 0.955763 0.0528897 0.0349957 0.689992
11 0.411934 0.825101 0.0479891 0.0401191 0.689726
11 0.160168 0.670947 0.0421144 0.0377252 0.658559
11 0.0161905 0.647403 0.0317342 0.0312361 0.654095
11 0.142935 0.691194 0.0395055 0.0378498 0.610182
11 0.291194 0.750907 0.0503864 0.0392809 0.556159
2 0.114015 0.523839 0.227964 0.273178 0.522352
2 0.125888 0.80229 0.251777 0.2601 0.508054
2 0.829938 0.190065 0.340124 0.38013 0.481095
3 0.377275 0.865478 0.0657696 0.0425816 0.469771
2 0.388567 0.715394 0.205631 0.152458 0.435914
2 0.230374 0.217077 0.460104 0.338073 0.404845
11 0.622677 0.903643 0.0534552 0.0290009 0.330948
7 0.658322 0.119356 0.0564473 0.0588418 0.325899
11 0.419063 0.865698 0.03402 0.0255009 0.291792
2 0.621742 0.434303 0.265443 0.246485 0.274503
2 0.0505212 0.735323 0.10101 0.134211 0.263415
