2 0.277127 0.927903 0.366152 0.134846 0.820629
11 0.433373 0.164079 0.0350489 0.0531621 0.798389
11 0.822234 0.316431 0.0238461 0.0464913 0.768405
11 0.697656 0.296129 0.0255165 0.0477294 0.763456
11 0.89809 0.320068 0.0237694 0.0480381 0.757827
11 0.947861 0.324822 0.0285953 0.0540101 0.736393
11 0.400723 0.158829 0.033179 0.0511635 0.735409
11 0.55375 0.259745 0.0271949 0.0502478 0.720881
11 0.775571 0.301403 0.0274166 0.050732 0.715152
11 0.978786 0.432615 0.0291023 0.0477276 0.710373
11 0.872937 0.317449 0.0270844 0.0479348 0.709977
11 0.724016 0.294492 0.0236016 0.0469376 0.702881
11 0.798205 0.312568 0.0231092 0.0489599 0.69561
6 0.624098 0.325278 0.0675706 0.0393679 0.678734
11 0.90815 0.412957 0.024234 0.0404207 0.619275
11 0.848074 0.315078 0.0257462 0.0483499 0.596373
11 0.881898 0.416403 0.0285843 0.04854 0.591968
11 0.97187 0.330874 0.0265163 0.0527415 0.568663
11 0.856656 0.409587 0.0316593 0.0548977 0.567203
11 0.931704 0.420615 0.0300323 0.0538896 0.562979
11 0.955253 0.430583 0.0280295 0.0475635 0.559864
2 0.818476 0.877545 0.252442 0.155749 0.541807
11 0.602574 0.273514 0.0310808 0.0474302 0.519961
11 0.70881 0.397297 0.0343786 0.0404835 0.386506
6 0.546229 0.313929 0.0489822 0.0347701 0.382515
11 0.992933 0.331835 0.0141337 0.0519226 0.374716
6 0.556477 0.368822 0.0754937 0.0403084 0.369835
11 0.907086 0.418646 0.0275437 0.0523463 0.358179
6 0.636115 0.387836 0.0734077 0.0430197 0.354277
11 0.993456 0.437202 0.0113475 0.049131 0.284392
