2 0.459379 0.243893 0.111404 0.116853 0.88123
7 0.541944 0.0396552 0.0584486 0.0542738 0.866789
2 0.225431 0.544362 0.117113 0.105922 0.865386
2 0.831272 0.29469 0.133888 0.138796 0.85192
2 0.203731 0.127749 0.109468 0.107734 0.829464
11 0.152756 0.329132 0.0462336 0.0390598 0.828349
11 0.338436 0.185066 0.0468972 0.0412796 0.821024
2 0.939444 0.249162 0.121112 0.151771 0.810001
2 0.039985 0.244038 0.0798601 0.133201 0.804897
11 0.244557 0.260065 0.0427922 0.0379718 0.797481
2 0.666739 0.0913767 0.171722 0.164843 0.794463
2 0.288915 0.0970301 0.105792 0.105629 0.794126
2 0.382859 0.0614953 0.13568 0.122991 0.789146
2 0.813896 0.0492253 0.132603 0.0984253 0.78789
11 0.12725 0.408257 0.0464455 0.0410111 0.782615
11 0.0692113 0.392526 0.0441064 0.0386493 0.777963
11 0.206236 0.289202 0.0440141 0.041132 0.765743
2 0.935861 0.599896 0.128237 0.39839 0.754764
11 0.111747 0.361407 0.0464731 0.0384189 0.730676
2 0.542057 0.537567 0.144538 0.141401 0.715648
11 0.0220725 0.426764 0.0402905 0.0347776 0.713693
2 0.048608 0.682809 0.097216 0.126256 0.665134
2 0.173791 0.931353 0.13828 0.13712 0.664334
2 0.704671 0.63151 0.114664 0.125085 0.641524
2 0.773699 0.890479 0.148692 0.151928 0.637935
11 0.465868 0.0945426 0.0462547 0.0395742 0.614662
2 0.262025 0.646556 0.109386 0.0974901 0.588576
11 0.0251575 0.818562 0.0355084 0.0495094 0.583535
2 0.742433 0.359493 0.128672 0.127272 0.551171
11 0.527476 0.108272 0.0387096 0.0315429 0.50236
2 0.820222 0.737476 0.142024 0.13211 0.500289
2 0.650894 0.73599 0.140885 0.138294 0.485874
11 0.585352 0.0138017 0.0425414 0.0273663 0.475301
2 0.663178 0.53956 0.0984918 0.0873161 0.447637
2 0.461483 0.597645 0.0952932 0.0906506 0.432584
11 0.498497 0.0692899 0.0411333 0.0333163 0.432566
2 0.459523 0.726878 0.125134 0.133399 0.426423
2 0.360114 0.813316 0.110436 0.100379 0.404954
2 0.210168 0.784115 0.107656 0.11754 0.341356
2 0.0262242 0.0655112 0.052447 0.125476 0.316791
2 0.909092 0.0139571 0.137046 0.0279141 0.303124
2 0.567523 0.636363 0.11066 0.102762 0.301279
2 0.188591 0.752288 0.159559 0.185598 0.268501
