11 0.697265 0.431115 0.0259673 0.0419575 0.83955
11 0.714888 0.475197 0.0206843 0.0325856 0.788093
2 0.773947 0.924271 0.189359 0.15122 0.708799
2 0.65284 0.598644 0.148711 0.144943 0.706438
2 0.209336 0.0757656 0.15743 0.151531 0.692753
2 0.929383 0.727844 0.141233 0.153515 0.649444
2 0.465127 0.464738 0.442106 0.335129 0.641708
11 0.887095 0.985802 0.0293392 0.0279808 0.63736
2 0.0533579 0.911351 0.106697 0.118005 0.625544
11 0.181513 0.286968 0.03273 0.0529637 0.550383
3 0.552021 0.244228 0.0613054 0.100079 0.529654
2 0.418927 0.0428156 0.241292 0.0853617 0.527505
2 0.423233 0.538215 0.229788 0.177235 0.525941
2 0.724872 0.193832 0.155079 0.154668 0.516581
2 0.941243 0.868121 0.117515 0.158842 0.51202
2 0.462512 0.159133 0.228211 0.169394 0.460111
7 0.181739 0.287605 0.0329596 0.0532314 0.451913
7 0.331543 0.972865 0.041835 0.0536619 0.445783
2 0.659451 0.764442 0.245945 0.215652 0.428704
2 0.0657085 0.20164 0.130613 0.400049 0.416895
11 0.28267 0.364591 0.039849 0.0229627 0.409399
2 0.866989 0.597417 0.147026 0.15626 0.409222
11 0.325974 0.792538 0.0348866 0.0536831 0.402961
2 0.463051 0.815238 0.183414 0.202217 0.388932
2 0.193764 0.830729 0.207877 0.194809 0.382373
2 0.45785 0.0434025 0.159951 0.0867605 0.337722
2 0.689683 0.0734846 0.161649 0.135296 0.33395
2 0.178356 0.683786 0.13184 0.150447 0.311775
2 0.944614 0.963664 0.110772 0.0725321 0.301402
2 0.487418 0.856937 0.230995 0.286127 0.299117
7 0.328806 0.965719 0.0462507 0.0650169 0.297328
2 0.288111 0.21375 0.212219 0.167365 0.295641
2 0.403461 0.678252 0.147779 0.125047 0.274188
2 0.78639 0.287641 0.183058 0.137234 0.264977
2 0.149634 0.681396 0.299267 0.500114 0.253935
2 0.0327682 0.746894 0.0655364 0.143761 0.253327
