2 0.619346 0.355063 0.255123 0.143113 0.89443
2 0.898023 0.161805 0.152373 0.322702 0.879284
2 0.223396 0.753554 0.388771 0.180984 0.875892
2 0.495028 0.619822 0.152416 0.13762 0.82123
11 0.88303 0.433729 0.0456364 0.0294018 0.796896
2 0.0537239 0.435487 0.107448 0.152334 0.762373
11 0.752203 0.450374 0.0440844 0.0265683 0.758025
2 0.939344 0.717718 0.121312 0.132361 0.752031
2 0.858402 0.863954 0.115422 0.0799839 0.718803
2 0.600472 0.588633 0.116604 0.155757 0.704482
11 0.839078 0.433494 0.0430664 0.0319609 0.67294
11 0.928928 0.424044 0.0427629 0.0314955 0.672113
11 0.332956 0.502956 0.0540441 0.0302025 0.654134
11 0.972451 0.420436 0.0460045 0.0355455 0.643179
11 0.639638 0.463704 0.0554305 0.0336045 0.602763
2 0.625721 0.728564 0.112912 0.145551 0.596458
11 0.916857 0.968437 0.049633 0.028379 0.592228
11 0.780343 0.961943 0.0579681 0.0302782 0.535631
2 0.659591 0.864167 0.135399 0.139215 0.493421
7 0.780394 0.961642 0.0562139 0.0299888 0.451753
11 0.770788 0.9896 0.0376448 0.0206371 0.408103
3 0.990262 0.397782 0.0194758 0.0598261 0.397667
2 0.865225 0.650887 0.269549 0.327551 0.297989
