2 0.63023 0.215646 0.296496 0.251937 0.923163
2 0.912099 0.0636729 0.175801 0.127335 0.890101
2 0.908215 0.298539 0.18357 0.221507 0.861222
3 0.126373 0.218693 0.106199 0.081303 0.842845
2 0.320177 0.18973 0.26188 0.274191 0.827514
3 0.0494868 0.0898412 0.0980801 0.0814929 0.818596
3 0.305239 0.497406 0.103532 0.0917726 0.804215
3 0.581365 0.948371 0.0997227 0.0901236 0.798255
11 0.196528 0.395125 0.0330804 0.0446839 0.795252
11 0.108544 0.683446 0.0427755 0.032888 0.794173
3 0.388362 0.636389 0.105579 0.0796242 0.781988
2 0.708481 0.763534 0.332954 0.26655 0.780626
11 0.698409 0.369603 0.0379343 0.0372505 0.780013
2 0.11763 0.543506 0.23526 0.324622 0.770807
2 0.573037 0.542417 0.300809 0.261871 0.757698
11 0.522475 0.930158 0.0345793 0.0479122 0.747112
3 0.152708 0.111423 0.0590158 0.0908494 0.726791
3 0.0274632 0.190714 0.0549263 0.0853231 0.613209
7 0.167169 0.64941 0.0505424 0.0396502 0.582718
3 0.281856 0.608266 0.0637239 0.0704356 0.567582
11 0.65606 0.392789 0.0342745 0.0264824 0.536859
7 0.246476 0.478477 0.0393806 0.0515448 0.485533
2 0.304067 0.928365 0.331263 0.142509 0.466771
11 0.246288 0.478337 0.0386285 0.0515589 0.457202
2 0.231022 0.778777 0.208093 0.272535 0.455973
2 0.0448943 0.892006 0.0897874 0.215805 0.4167
2 0.933593 0.563162 0.132814 0.260881 0.407212
3 0.405643 0.519011 0.0399808 0.0665322 0.38982
3 0.701876 0.973143 0.0585518 0.053715 0.340316
