3 0.451935 0.231892 0.0668003 0.0756415 0.867337
11 0.929203 0.673512 0.0433071 0.0507053 0.818321
11 0.582158 0.333363 0.0389362 0.0381235 0.810033
11 0.861167 0.677065 0.0414124 0.0450277 0.746994
11 0.688058 0.43801 0.0450689 0.0458685 0.732346
2 0.942933 0.0666791 0.114134 0.13187 0.7314
11 0.837005 0.584025 0.0427769 0.0446689 0.729708
11 0.795429 0.5424 0.0419857 0.0411623 0.723837
2 0.734429 0.0987156 0.236039 0.19045 0.716266
11 0.542705 0.140084 0.0308843 0.042772 0.62977
11 0.948668 0.79971 0.0346966 0.0385111 0.593173
2 0.77278 0.41466 0.265993 0.300734 0.572551
11 0.335923 0.173904 0.0480147 0.0468144 0.557963
2 0.233754 0.87408 0.213744 0.239586 0.554001
11 0.979229 0.847386 0.0307709 0.0336987 0.548719
11 0.619856 0.370181 0.0363956 0.0360968 0.484835
11 0.989455 0.745766 0.0210908 0.0431378 0.432546
2 0.418612 0.665863 0.209174 0.154831 0.427101
11 0.993403 0.910249 0.0131945 0.0309897 0.408428
3 0.517155 0.211431 0.0548387 0.0582837 0.401213
2 0.816839 0.851497 0.36114 0.296639 0.330193
2 0.454811 0.0963776 0.368632 0.192755 0.311265
2 0.565408 0.572076 0.455816 0.409506 0.299154
2 0.144897 0.973471 0.192528 0.053058 0.285092
2 0.35028 0.745366 0.195076 0.15484 0.259358
