3 0.73098 0.950443 0.0759533 0.0980829 0.840786
11 0.253279 0.887777 0.05116 0.0335768 0.827805
11 0.453532 0.910208 0.0510267 0.0317209 0.827166
11 0.31516 0.89795 0.0434738 0.0320696 0.823664
11 0.383266 0.905141 0.0459563 0.0313429 0.806836
11 0.187982 0.880679 0.0449232 0.0317902 0.764143
3 0.53998 0.924545 0.0659894 0.0950413 0.750834
11 0.931834 0.978693 0.0450226 0.0302475 0.70547
11 0.874786 0.968818 0.0429354 0.0259661 0.689367
7 0.805657 0.564161 0.0415493 0.0665599 0.656332
3 0.70233 0.858705 0.0800729 0.0557592 0.63629
11 0.637397 0.986665 0.0336627 0.026412 0.629572
6 0.294707 0.774003 0.0854326 0.0407419 0.612166
11 0.9805 0.987929 0.0350145 0.0230767 0.609768
2 0.890651 0.742449 0.218632 0.420824 0.597748
2 0.39942 0.337968 0.79884 0.675648 0.56811
2 0.91127 0.660973 0.17555 0.252073 0.305694
