11 0.882758 0.586624 0.0531372 0.0337084 0.815228
11 0.943816 0.592403 0.0465621 0.0330406 0.809747
2 0.854262 0.706691 0.0869713 0.127355 0.791115
2 0.953644 0.927195 0.0927119 0.145333 0.660385
2 0.567279 0.785079 0.138541 0.101345 0.603499
7 0.987387 0.24119 0.0252256 0.0348825 0.592999
3 0.756138 0.428516 0.0694642 0.0810161 0.563747
2 0.943044 0.733456 0.113912 0.121917 0.525845
2 0.839693 0.980086 0.0854424 0.0394664 0.4548
2 0.462717 0.922343 0.11265 0.115754 0.420684
2 0.549293 0.857243 0.124472 0.0738524 0.390739
2 0.679928 0.73593 0.0875032 0.156773 0.365806
3 0.324042 0.971959 0.0508761 0.0529829 0.351684
