2 0.290156 0.801707 0.236288 0.238117 0.952292
2 0.736633 0.158496 0.265892 0.191471 0.912301
2 0.098618 0.09222 0.164101 0.183997 0.867003
2 0.645782 0.724807 0.121841 0.12204 0.860416
2 0.304935 0.506311 0.126515 0.126972 0.837937
7 0.109364 0.478866 0.0392273 0.0632567 0.828782
11 0.724064 0.883519 0.0376473 0.0329171 0.803069
11 0.242229 0.0183211 0.0243162 0.0366212 0.784937
11 0.857488 0.957108 0.0443481 0.0395367 0.766558
11 0.444556 0.727493 0.034934 0.0285187 0.747953
2 0.394775 0.277442 0.191698 0.197856 0.742678
2 0.250642 0.946485 0.23289 0.107031 0.722067
2 0.429202 0.103977 0.189439 0.207954 0.708851
2 0.328272 0.382744 0.144024 0.155452 0.698163
2 0.722156 0.970614 0.112021 0.0587715 0.696959
11 0.667551 0.85007 0.0471586 0.0364868 0.687714
2 0.94536 0.89281 0.109264 0.198929 0.671774
11 0.0936218 0.734186 0.0259824 0.0410385 0.661749
11 0.485272 0.154475 0.0349368 0.0488021 0.647142
2 0.507729 0.622103 0.100047 0.117823 0.645783
2 0.901455 0.497694 0.196524 0.259835 0.624516
2 0.655642 0.567663 0.152453 0.145701 0.619995
11 0.935315 0.98999 0.0427361 0.0200207 0.58245
2 0.974207 0.182435 0.0515488 0.150484 0.582279
11 0.528999 0.908439 0.0395241 0.0314543 0.546824
11 0.523048 0.772063 0.0508672 0.0404332 0.541252
11 0.401485 0.703394 0.04403 0.0329432 0.519999
11 0.478205 0.746749 0.0402752 0.0345917 0.510394
11 0.896735 0.976509 0.0400879 0.0349281 0.494003
3 0.121503 0.606238 0.106974 0.062796 0.487214
11 0.542635 0.886495 0.0415316 0.036348 0.472339
11 0.142566 0.689557 0.0266254 0.0443203 0.467084
11 0.765706 0.905318 0.0460096 0.0383415 0.44736
11 0.31229 0.652237 0.0427967 0.035427 0.43097
11 0.105666 0.816893 0.0246421 0.0294636 0.425904
2 0.117124 0.222742 0.119105 0.0937781 0.421654
2 0.929966 0.0277798 0.119734 0.0555595 0.324209
2 0.801331 0.81911 0.0992628 0.0967121 0.313113
2 0.444028 0.603642 0.0983487 0.105306 0.264845
