2 0.0868631 0.766817 0.133236 0.131498 0.923212
3 0.150906 0.410727 0.0566938 0.0804217 0.90388
2 0.605567 0.800756 0.135863 0.170678 0.892374
2 0.732012 0.83125 0.138366 0.154642 0.874458
3 0.118455 0.327964 0.0800838 0.066987 0.861754
11 0.807591 0.715158 0.0422051 0.0329699 0.854988
3 0.0723374 0.439515 0.0730628 0.0551972 0.847365
2 0.926021 0.915196 0.14781 0.166148 0.84561
2 0.0754225 0.887168 0.150845 0.160612 0.843468
2 0.0418619 0.180618 0.0835417 0.18035 0.838882
2 0.660987 0.473035 0.11711 0.125822 0.836252
2 0.198203 0.600919 0.231705 0.182467 0.8299
2 0.784755 0.217278 0.148767 0.217009 0.829313
11 0.852133 0.735263 0.0487377 0.0388067 0.824132
3 0.0436327 0.366972 0.059759 0.0949333 0.820813
11 0.425832 0.549402 0.0475093 0.0358597 0.812684
11 0.523701 0.592191 0.0556982 0.0400065 0.808599
11 0.233969 0.465066 0.0482001 0.0372021 0.795001
11 0.289492 0.49065 0.0531902 0.0402271 0.790957
2 0.350312 0.1178 0.114588 0.114468 0.778127
11 0.943297 0.772916 0.0504566 0.0390997 0.754006
2 0.419668 0.438807 0.0877121 0.100812 0.73182
11 0.61228 0.633545 0.0475485 0.0388201 0.716791
2 0.920145 0.664669 0.159711 0.146331 0.701868
2 0.545202 0.411275 0.142889 0.146797 0.690905
2 0.09269 0.0204458 0.136087 0.0408583 0.664067
2 0.704677 0.0429415 0.102502 0.0858831 0.642506
12 0.585659 0.940092 0.0725635 0.0855251 0.628264
2 0.347658 0.700978 0.180507 0.173009 0.611739
11 0.187812 0.447368 0.0508795 0.0371904 0.596987
11 0.134048 0.243713 0.03197 0.0457011 0.594018
11 0.0518273 0.528628 0.0264763 0.0401344 0.576073
2 0.849663 0.45607 0.110544 0.107234 0.54895
2 0.382651 0.0443629 0.105978 0.0887258 0.52317
2 0.79141 0.015957 0.12355 0.0318028 0.521205
2 0.30577 0.235511 0.130711 0.112625 0.510427
2 0.374337 0.694277 0.12852 0.159962 0.495512
2 0.268039 0.341958 0.156172 0.155923 0.444545
2 0.0518057 0.980071 0.103611 0.0395876 0.434647
2 0.971492 0.516642 0.0570153 0.100483 0.429243
2 0.258957 0.990071 0.109829 0.0198583 0.373731
2 0.971806 0.411978 0.0563877 0.0898943 0.300246
2 0.46397 0.00873635 0.123665 0.0174727 0.290782
2 0.817303 0.428367 0.172595 0.168825 0.285835
