2 0.709743 0.488913 0.577929 0.347739 0.871458
3 0.352772 0.632638 0.089545 0.0704872 0.857779
11 0.790119 0.273517 0.042008 0.0306037 0.784387
3 0.429379 0.749299 0.0538622 0.102471 0.773933
3 0.224659 0.678553 0.0742348 0.116954 0.759621
3 0.31698 0.83409 0.111361 0.064502 0.753912
3 0.598632 0.229049 0.0744923 0.103663 0.741254
7 0.346867 0.720678 0.0740087 0.0454424 0.736356
11 0.59498 0.0229453 0.027251 0.0441852 0.725425
11 0.275869 0.904553 0.0465977 0.0351887 0.720345
11 0.834009 0.369668 0.0413721 0.0327875 0.706064
2 0.803755 0.147586 0.389421 0.293042 0.704569
3 0.860906 0.893633 0.0535297 0.124939 0.687356
11 0.226856 0.0409041 0.04056 0.031681 0.677795
2 0.469158 0.0690183 0.239695 0.138037 0.669578
11 0.39099 0.693494 0.0482042 0.03701 0.658469
2 0.220892 0.128584 0.440903 0.234126 0.592633
11 0.576794 0.06447 0.0299438 0.0480204 0.584947
2 0.0500424 0.830986 0.0999415 0.252008 0.554078
3 0.853047 0.752 0.0680847 0.102764 0.524102
11 0.889284 0.724335 0.051442 0.0363062 0.473805
7 0.889477 0.725613 0.0527488 0.0360798 0.471472
11 0.600049 0.821396 0.0466583 0.0302021 0.445528
3 0.158269 0.957629 0.0490427 0.084743 0.44307
3 0.508738 0.272115 0.0818254 0.0680618 0.440751
7 0.880528 0.391572 0.0520874 0.0375419 0.439053
6 0.346313 0.720371 0.0720367 0.046212 0.383212
11 0.881511 0.391706 0.0510983 0.0382444 0.357794
3 0.429594 0.8864 0.0642807 0.149124 0.350185
11 0.995347 0.368335 0.00930615 0.0332636 0.342538
7 0.39091 0.693229 0.048335 0.0369858 0.303618
