2 0.504113 0.585701 0.200648 0.152514 0.908873
2 0.208911 0.906685 0.135004 0.113661 0.865122
2 0.402095 0.762735 0.135987 0.147151 0.848406
2 0.233671 0.653609 0.10484 0.111477 0.845432
11 0.422085 0.685862 0.0407152 0.034498 0.839537
2 0.360682 0.296802 0.143055 0.134549 0.83333
11 0.515064 0.679242 0.0410829 0.0394758 0.82789
11 0.295473 0.55334 0.0421398 0.0370891 0.82432
11 0.510389 0.734223 0.0482916 0.0423281 0.815979
11 0.277176 0.604797 0.038297 0.0370674 0.801988
11 0.13106 0.463307 0.0472965 0.0422204 0.786152
2 0.467152 0.856987 0.124845 0.120344 0.77741
2 0.957852 0.421943 0.0840809 0.167669 0.776739
2 0.142611 0.616215 0.119588 0.136706 0.772438
2 0.0977833 0.365317 0.113305 0.118462 0.755537
2 0.0235717 0.940123 0.0471433 0.105907 0.752466
2 0.187988 0.405231 0.120652 0.143533 0.743784
7 0.349696 0.585707 0.0700632 0.0562565 0.717353
2 0.0613774 0.565499 0.114925 0.135615 0.696375
2 0.11901 0.839037 0.0851714 0.0855144 0.694571
11 0.111277 0.510567 0.0335543 0.0291372 0.660245
2 0.0463481 0.078646 0.0923108 0.153507 0.659623
2 0.580064 0.84712 0.0926561 0.100712 0.630943
6 0.610035 0.136581 0.0932325 0.063901 0.628349
11 0.276897 0.25267 0.0391725 0.0390087 0.615979
2 0.63776 0.896349 0.0973383 0.135934 0.608791
11 0.174941 0.184974 0.0477565 0.0397388 0.533493
2 0.531551 0.403592 0.0934021 0.143164 0.521985
2 0.385689 0.48427 0.120844 0.128433 0.470246
6 0.350031 0.58545 0.071148 0.0565482 0.434473
7 0.986846 0.715044 0.0263074 0.0408467 0.428181
2 0.0110632 0.524001 0.0221264 0.122045 0.393492
2 0.0288501 0.323666 0.057103 0.116537 0.368009
2 0.280499 0.449799 0.130624 0.141371 0.344113
11 0.0294165 0.404153 0.0384491 0.0349642 0.311307
7 0.512537 0.173653 0.0485176 0.0380378 0.288788
7 0.975311 0.295403 0.0478071 0.07883 0.253017
