2 0.671207 0.643059 0.484485 0.368594 0.927816
11 0.754806 0.958568 0.0346166 0.0347629 0.869558
11 0.402066 0.103063 0.0453748 0.0360224 0.836927
11 0.180741 0.932732 0.0297855 0.040205 0.809008
2 0.375541 0.830784 0.194283 0.228294 0.802341
9 0.613879 0.221627 0.283562 0.287704 0.800458
11 0.294994 0.581943 0.0394227 0.0515754 0.783431
11 0.337208 0.0332138 0.0429122 0.0404995 0.774241
11 0.254381 0.655284 0.0342952 0.0392427 0.761177
3 0.456431 0.133765 0.0536217 0.069319 0.746118
11 0.231427 0.698127 0.0405243 0.0487435 0.74313
2 0.974518 0.846464 0.0508823 0.123778 0.731585
3 0.733446 0.0692874 0.0643997 0.0595145 0.718218
11 0.155614 0.981144 0.029573 0.033559 0.674171
3 0.492142 0.343889 0.0872971 0.0656424 0.671724
11 0.718562 0.254584 0.0332297 0.0517981 0.63629
2 0.200614 0.589511 0.401228 0.80317 0.63234
2 0.854055 0.940268 0.186794 0.119465 0.595396
3 0.728201 0.330461 0.0776487 0.0774384 0.593004
11 0.23306 0.0312708 0.0390011 0.03474 0.474849
2 0.518252 0.909711 0.221518 0.180419 0.47056
11 0.155211 0.817844 0.0376805 0.0449605 0.408649
2 0.907247 0.271746 0.185506 0.455565 0.399222
2 0.453929 0.857984 0.352693 0.283536 0.350095
