3 0.786914 0.896769 0.0947155 0.142589 0.856542
3 0.971567 0.81823 0.0568668 0.0762703 0.811306
11 0.636483 0.592642 0.0238063 0.0374752 0.774786
2 0.366684 0.942272 0.237099 0.115457 0.744017
11 0.504964 0.32343 0.0404839 0.0509681 0.74226
11 0.679856 0.272672 0.0260191 0.0436553 0.718105
11 0.431164 0.509212 0.0281496 0.0442633 0.716782
11 0.807233 0.157122 0.0337114 0.0475161 0.701765
11 0.703447 0.347478 0.0312458 0.0460806 0.700421
11 0.284127 0.448514 0.0325444 0.0401227 0.693753
11 0.712844 0.464764 0.0564399 0.0392845 0.693628
11 0.0571465 0.728712 0.0293098 0.0424236 0.679948
11 0.806204 0.37513 0.0437704 0.0315866 0.677073
11 0.834379 0.275367 0.0504139 0.033441 0.666464
11 0.734228 0.262821 0.036208 0.0481773 0.660165
11 0.408006 0.224725 0.0414306 0.0479274 0.636309
2 0.0391033 0.864862 0.0782066 0.218942 0.61973
11 0.987587 0.692554 0.0238763 0.0452108 0.615222
11 0.3132 0.338815 0.0300736 0.0296775 0.606391
11 0.0124997 0.720386 0.0249994 0.040177 0.580872
11 0.516699 0.16606 0.0301044 0.0464807 0.568341
11 0.790961 0.42883 0.0546071 0.0343407 0.557741
11 0.348337 0.47216 0.028613 0.0459896 0.557311
11 0.228401 0.421882 0.0404819 0.0435173 0.554983
11 0.645431 0.272343 0.0341408 0.0476864 0.554672
11 0.532271 0.308835 0.039282 0.0475607 0.554433
11 0.167365 0.402342 0.0300419 0.0420068 0.545178
11 0.615568 0.277837 0.0295779 0.0470508 0.534042
11 0.766747 0.150027 0.0292437 0.0374074 0.518992
11 0.668456 0.142854 0.0281788 0.0333528 0.503063
11 0.689652 0.523394 0.0522151 0.0376018 0.494588
11 0.481709 0.52168 0.037894 0.0462069 0.49322
11 0.0352552 0.721928 0.0300847 0.0416735 0.491737
11 0.368722 0.268915 0.0333552 0.0342401 0.490983
11 0.704966 0.26607 0.0283313 0.0485542 0.475998
11 0.589689 0.288055 0.033869 0.0453436 0.45414
3 0.203485 0.689235 0.0715634 0.108294 0.450575
11 0.512022 0.533702 0.0369102 0.0387106 0.449688
11 0.779591 0.461865 0.0503531 0.0351375 0.444327
3 0.792873 0.880335 0.0761697 0.113065 0.411991
11 0.385474 0.241973 0.0455384 0.0472948 0.394891
11 0.773596 0.456702 0.0615431 0.0417809 0.385642
11 0.559253 0.292236 0.0382415 0.0494106 0.378093
3 0.205684 0.675171 0.0652701 0.0825773 0.374133
2 0.221839 0.880757 0.214415 0.181182 0.36822
11 0.35477 0.28629 0.0304982 0.0347245 0.360399
11 0.644543 0.137615 0.0198448 0.0290419 0.353296
11 0.701014 0.144545 0.0293953 0.0318116 0.35227
11 0.54258 0.146665 0.0337778 0.0461345 0.324434
11 0.594852 0.285829 0.0279037 0.0476319 0.315048
11 0.339983 0.468972 0.0358153 0.0513025 0.309369
11 0.686865 0.55355 0.0441296 0.0283125 0.304811
3 0.799961 0.8687 0.0634873 0.0925915 0.302627
11 0.394347 0.23431 0.0502873 0.0520141 0.284294
11 0.37427 0.478909 0.0328582 0.0461418 0.275062
11 0.708072 0.492728 0.0597262 0.0402636 0.258245
11 0.198656 0.408439 0.0394977 0.0463672 0.25792
11 0.449502 0.216531 0.028399 0.0317848 0.252521
