2 0.363406 0.927022 0.149679 0.0923535 0.918849
2 0.873195 0.104079 0.115935 0.141744 0.916803
2 0.129956 0.654699 0.110946 0.128786 0.908858
2 0.890255 0.692481 0.126774 0.110593 0.908472
2 0.920426 0.489208 0.159148 0.110837 0.906161
2 0.405498 0.330143 0.10715 0.103173 0.891065
2 0.370911 0.675323 0.0902999 0.0912066 0.883603
2 0.61232 0.197917 0.110741 0.101497 0.877072
2 0.302231 0.46188 0.193898 0.120737 0.872841
2 0.0811214 0.955481 0.154996 0.0890374 0.868647
2 0.895903 0.95854 0.106074 0.0829191 0.863335
2 0.0368294 0.650167 0.0736589 0.107056 0.838029
2 0.670524 0.0326324 0.11476 0.0648499 0.836857
2 0.0378891 0.363751 0.0757413 0.100063 0.83655
2 0.651061 0.917279 0.0746614 0.118386 0.826873
2 0.60636 0.574353 0.120022 0.111428 0.823458
2 0.571985 0.708848 0.272879 0.131402 0.809025
11 0.83868 0.798679 0.0495209 0.0302029 0.807545
11 0.216148 0.773086 0.0534297 0.0307833 0.800719
2 0.564906 0.91605 0.0682494 0.121764 0.795941
11 0.11828 0.769963 0.0457901 0.0276738 0.795762
2 0.926723 0.230734 0.145196 0.119005 0.791832
2 0.227588 0.948906 0.154301 0.102068 0.783541
11 0.615266 0.793759 0.0450386 0.0265074 0.781332
2 0.981261 0.676114 0.0373209 0.122778 0.779427
11 0.38371 0.835591 0.0520114 0.0299755 0.776964
11 0.265011 0.770242 0.044882 0.0277876 0.767207
11 0.380533 0.779845 0.0481285 0.0281421 0.762509
11 0.115866 0.822038 0.0490677 0.0310484 0.744454
11 0.444222 0.782528 0.0483332 0.0279494 0.736056
11 0.856028 0.854002 0.0388348 0.0257187 0.732701
11 0.710325 0.437941 0.0223055 0.0405169 0.726255
11 0.3268 0.83191 0.0381398 0.0253594 0.721614
3 0.665993 0.822143 0.0422363 0.0710222 0.721141
2 0.904428 0.326035 0.108675 0.0801645 0.716623
11 0.516182 0.789185 0.0523327 0.0301468 0.710173
11 0.00906012 0.764308 0.0179804 0.0283083 0.70788
2 0.585386 0.38046 0.116717 0.0584706 0.679718
2 0.437122 0.0768401 0.131411 0.139819 0.676886
3 0.77725 0.833026 0.040523 0.0777191 0.654223
2 0.32162 0.0496996 0.0604104 0.0619332 0.646932
11 0.431102 0.838011 0.0442702 0.0293461 0.634278
2 0.901017 0.398987 0.116368 0.0712993 0.57408
2 0.883772 0.0235204 0.137608 0.0470409 0.526977
11 0.564673 0.788455 0.0440267 0.0267695 0.514856
2 0.98695 0.139869 0.0261005 0.0878638 0.280444
11 0.566474 0.845036 0.0644407 0.0261326 0.278055
2 0.627521 0.984438 0.107189 0.0310537 0.270282
