2 0.2009 0.701115 0.148158 0.130377 0.916921
2 0.524402 0.341372 0.165285 0.104944 0.903666
2 0.234876 0.0690506 0.119521 0.131146 0.901849
2 0.489991 0.12012 0.0885271 0.0892323 0.886891
2 0.427736 0.932809 0.155953 0.120532 0.866996
11 0.0199859 0.175409 0.0399718 0.0323436 0.849157
11 0.473162 0.238715 0.0452923 0.0315464 0.836756
11 0.371263 0.226125 0.0478976 0.0302388 0.833672
2 0.470433 0.837175 0.123178 0.115476 0.822647
11 0.165371 0.194789 0.0463591 0.0314562 0.81341
2 0.101137 0.321045 0.116002 0.135413 0.811523
11 0.42783 0.231432 0.0465784 0.0332524 0.809351
11 0.61576 0.629205 0.0252208 0.0429955 0.806707
2 0.0185668 0.0337829 0.0371336 0.0672666 0.801238
11 0.518936 0.243401 0.0469807 0.0320968 0.795476
2 0.511663 0.534255 0.144128 0.118803 0.784961
2 0.326625 0.325128 0.0713965 0.174359 0.783759
11 0.108946 0.18599 0.0479941 0.0329227 0.778802
2 0.292668 0.47755 0.0993008 0.131291 0.776637
11 0.304022 0.210681 0.0473691 0.0322633 0.766475
2 0.562774 0.0413792 0.127726 0.0825412 0.761852
11 0.0657414 0.181612 0.0429086 0.0319372 0.734592
2 0.492904 0.7344 0.0889611 0.0958888 0.720176
2 0.602778 0.117574 0.112572 0.0703958 0.70484
2 0.0300039 0.292335 0.0597285 0.132767 0.693982
2 0.358234 0.0718283 0.0869993 0.125547 0.68129
2 0.911943 0.134267 0.175798 0.267963 0.647462
2 0.203339 0.312877 0.096587 0.125086 0.620605
11 0.240303 0.202601 0.0602956 0.0360794 0.594214
2 0.829842 0.8237 0.174337 0.352601 0.549863
2 0.514677 0.64103 0.105197 0.112989 0.489903
2 0.0161987 0.488146 0.0323838 0.0702443 0.466048
7 0.240066 0.203288 0.0602365 0.0363366 0.386021
2 0.0316035 0.774879 0.063096 0.128242 0.372066
2 0.552967 0.445166 0.112536 0.102841 0.334648
2 0.0126853 0.97647 0.0249463 0.047061 0.323407
2 0.916498 0.460258 0.167003 0.357465 0.251839
