2 0.688838 0.237596 0.126142 0.1243 0.926494
2 0.676112 0.589349 0.131404 0.107759 0.917815
2 0.427393 0.719551 0.0943364 0.0947932 0.904162
2 0.394124 0.965836 0.141984 0.0675147 0.895824
2 0.29786 0.668792 0.124409 0.0941733 0.881275
2 0.422239 0.506473 0.120974 0.0944626 0.872069
2 0.669617 0.956388 0.138613 0.08715 0.857628
2 0.678129 0.352595 0.109771 0.0991545 0.848693
2 0.425458 0.834909 0.0989567 0.131423 0.833897
2 0.659022 0.02257 0.107101 0.0451399 0.777901
2 0.790103 0.1429 0.109281 0.0861855 0.767155
2 0.31944 0.430377 0.102786 0.096656 0.758131
2 0.957742 0.655809 0.0841213 0.502674 0.748661
2 0.680336 0.862352 0.15305 0.114627 0.746715
2 0.425854 0.617005 0.103118 0.0814728 0.744546
11 0.567517 0.814412 0.0233613 0.0453979 0.720203
2 0.684901 0.762796 0.160188 0.0895535 0.718442
11 0.568652 0.654684 0.0257574 0.0463413 0.708364
12 0.803231 0.0195653 0.0500433 0.0390541 0.704339
2 0.0698759 0.413943 0.134754 0.119233 0.684604
2 0.43834 0.344011 0.146009 0.0994135 0.680483
11 0.570638 0.412439 0.0208474 0.0426992 0.649031
11 0.888346 0.558885 0.0299553 0.0393848 0.606279
2 0.0344976 0.967304 0.0688503 0.0648359 0.5051
11 0.877634 0.882662 0.0331827 0.0455376 0.468676
2 0.979521 0.163537 0.0408848 0.131235 0.463592
2 0.206653 0.862262 0.0758743 0.0936287 0.386961
2 0.0868172 0.723343 0.16851 0.432809 0.286564
2 0.0897667 0.649792 0.178714 0.589922 0.26901
