2 0.461802 0.450191 0.141489 0.150366 0.925807
2 0.574937 0.721429 0.134591 0.116291 0.920888
2 0.182926 0.0717404 0.204036 0.143299 0.904891
2 0.616529 0.600277 0.147694 0.100967 0.893109
2 0.668271 0.175878 0.172762 0.148729 0.891742
2 0.761839 0.419683 0.206636 0.173624 0.849966
2 0.469331 0.873535 0.106742 0.114495 0.847212
2 0.680333 0.914276 0.144357 0.127096 0.821661
2 0.415657 0.580269 0.161215 0.160772 0.773492
2 0.780419 0.758991 0.090907 0.116986 0.772658
2 0.679089 0.725514 0.0975127 0.118538 0.752581
2 0.864616 0.966334 0.0865535 0.0673027 0.716159
2 0.778478 0.948018 0.0794672 0.102862 0.710255
2 0.931603 0.79743 0.0782974 0.112564 0.572834
2 0.948966 0.971692 0.101232 0.0565407 0.562828
2 0.204952 0.801384 0.14332 0.12933 0.556001
2 0.0212682 0.319119 0.0425363 0.111094 0.474702
2 0.565587 0.881481 0.122771 0.123724 0.460359
2 0.0339251 0.18126 0.0678502 0.129488 0.434273
2 0.0383536 0.14742 0.0766912 0.196835 0.431542
2 0.381857 0.865049 0.0813665 0.0886303 0.415013
2 0.248639 0.621249 0.146106 0.173408 0.377666
2 0.323836 0.835819 0.0685216 0.0797465 0.365834
2 0.872245 0.775439 0.102438 0.112678 0.306633
2 0.0200919 0.677265 0.0401839 0.136495 0.305208
2 0.89749 0.547081 0.204785 0.230659 0.289819
