2 0.423718 0.493496 0.847435 0.226279 0.786722
11 0.71788 0.612873 0.0238371 0.0374195 0.732762
11 0.556077 0.706853 0.0259308 0.0451296 0.722271
11 0.616772 0.719622 0.0250509 0.0473618 0.717756
11 0.423852 0.687774 0.0211245 0.0422214 0.715437
11 0.646026 0.724778 0.0243335 0.0449755 0.714582
11 0.261818 0.668039 0.0238529 0.0461771 0.712371
11 0.542486 0.586541 0.0231182 0.0395295 0.707513
11 0.566909 0.591797 0.0223075 0.0376494 0.69601
11 0.776168 0.62099 0.0213245 0.0348833 0.675206
11 0.0716255 0.640677 0.0250961 0.0498452 0.671424
11 0.746267 0.613837 0.0222271 0.0352316 0.660204
11 0.673257 0.605434 0.0249767 0.0363461 0.64709
11 0.946626 0.45205 0.0213917 0.0381624 0.645802
11 0.473754 0.699658 0.0229555 0.0477014 0.6269
11 0.0678357 0.521942 0.0265202 0.0425467 0.622462
11 0.231277 0.664591 0.0209419 0.042205 0.604775
3 0.959519 0.15198 0.0346285 0.0826098 0.596702
11 0.219839 0.542191 0.0254392 0.0331437 0.568229
3 0.981459 0.0170011 0.0347344 0.0339143 0.531112
11 0.108304 0.322591 0.0270355 0.0328544 0.503183
2 0.39593 0.78443 0.791861 0.236957 0.484482
11 0.526348 0.704417 0.0218864 0.0406101 0.476393
11 0.466171 0.749757 0.0243999 0.0456314 0.471183
11 0.437884 0.570758 0.0252089 0.0365203 0.466582
2 0.910206 0.865273 0.112263 0.168204 0.458645
11 0.596544 0.442118 0.0255156 0.0462082 0.430645
11 0.293446 0.673392 0.0283209 0.0469187 0.415837
11 0.758201 0.414672 0.0281967 0.0340308 0.412934
11 0.422343 0.743144 0.0261825 0.0442084 0.379878
11 0.766914 0.742226 0.0205541 0.0428475 0.371639
11 0.598848 0.76685 0.0254033 0.0432405 0.369889
11 0.0147389 0.507294 0.0243008 0.0310666 0.310883
11 0.503733 0.69434 0.0238918 0.0323201 0.286021
11 0.734287 0.731927 0.0214855 0.0311194 0.284601
11 0.641365 0.769699 0.0223019 0.0370234 0.261626
2 0.937695 0.687807 0.115026 0.212938 0.250925
11 0.640546 0.449309 0.0248947 0.0439236 0.250109
