2 0.505217 0.359611 0.295524 0.233045 0.818043
11 0.0581437 0.226696 0.0468473 0.0348035 0.774427
2 0.378497 0.0614422 0.255856 0.122884 0.770436
2 0.709641 0.150371 0.21895 0.165583 0.760393
11 0.251329 0.218111 0.0474277 0.0337214 0.75229
11 0.474337 0.0859758 0.051337 0.0333312 0.690463
11 0.64332 0.0133203 0.0458891 0.0265335 0.576954
2 0.0335559 0.131747 0.0671118 0.239997 0.569132
2 0.610405 0.825227 0.343672 0.348909 0.474359
7 0.338822 0.134289 0.0550667 0.0380793 0.469592
11 0.189548 0.240663 0.0359978 0.0244633 0.437337
2 0.900614 0.245746 0.198772 0.380429 0.407271
2 0.584606 0.773312 0.302546 0.24683 0.372332
11 0.229368 0.171008 0.0524747 0.0343624 0.369227
2 0.0909437 0.415426 0.181887 0.247759 0.361445
7 0.229524 0.171072 0.0526825 0.0344802 0.337207
2 0.324089 0.694999 0.277584 0.534709 0.301495
