2 0.595775 0.213858 0.302468 0.361338 0.835827
11 0.928588 0.831429 0.0391105 0.0398598 0.829106
11 0.883054 0.872965 0.0357557 0.0368416 0.791392
2 0.149803 0.922213 0.299182 0.154632 0.784689
11 0.282089 0.873919 0.0359554 0.0322109 0.783774
11 0.329548 0.880224 0.0334804 0.0380237 0.757446
11 0.748122 0.954865 0.0424915 0.041505 0.750123
11 0.803448 0.945629 0.0388865 0.0374287 0.748488
11 0.843133 0.911173 0.0428226 0.0404858 0.747179
11 0.856589 0.851831 0.0403519 0.0438246 0.739608
11 0.899292 0.81034 0.0396942 0.0447116 0.664745
11 0.713803 0.981746 0.0410938 0.0362476 0.652089
2 0.040735 0.191061 0.0813895 0.16214 0.574809
2 0.227323 0.371688 0.454647 0.191417 0.572301
2 0.801129 0.647546 0.397743 0.603548 0.536954
2 0.258692 0.641363 0.21455 0.149683 0.390435
2 0.477202 0.928973 0.355073 0.14079 0.381909
11 0.437905 0.767284 0.0339132 0.0356144 0.331666
11 0.808506 0.983047 0.0440414 0.0337382 0.284801
