2 0.258165 0.694928 0.242677 0.201723 0.955755
2 0.729384 0.881342 0.26191 0.235514 0.912862
2 0.77647 0.0366907 0.140796 0.0733814 0.897252
2 0.318375 0.332977 0.117116 0.147907 0.889095
2 0.173656 0.267632 0.155476 0.183262 0.855546
3 0.75128 0.284734 0.0961309 0.0634431 0.836148
11 0.6647 0.171213 0.0308035 0.0432782 0.806113
11 0.898174 0.817087 0.0296505 0.0461277 0.798455
2 0.831489 0.138125 0.190786 0.139962 0.794865
11 0.771422 0.467581 0.0326786 0.0532573 0.790543
11 0.635777 0.0832662 0.0291287 0.0482439 0.787681
11 0.927479 0.89557 0.0305267 0.0470447 0.766506
2 0.376698 0.943578 0.179947 0.112289 0.765837
11 0.650013 0.129611 0.0284701 0.0404696 0.765207
11 0.8775 0.764372 0.0324227 0.0488493 0.762583
2 0.074827 0.843512 0.14899 0.296176 0.747006
11 0.618393 0.03188 0.0286253 0.0451523 0.738786
2 0.0966356 0.370285 0.161311 0.182438 0.737667
2 0.966599 0.0315502 0.0668026 0.0625846 0.728341
11 0.944886 0.947234 0.0310966 0.0456089 0.706683
2 0.954839 0.587739 0.0899353 0.109537 0.696002
2 0.633838 0.583723 0.219724 0.233172 0.690809
2 0.598022 0.277615 0.128829 0.124261 0.674682
2 0.44986 0.295864 0.141684 0.185635 0.666863
3 0.705129 0.350786 0.0512207 0.0665548 0.660412
2 0.531948 0.067944 0.128371 0.12134 0.618418
3 0.760175 0.377314 0.0721753 0.0514044 0.618361
2 0.176479 0.961872 0.187476 0.0762571 0.617811
2 0.95141 0.447474 0.0971805 0.134858 0.581741
2 0.619236 0.547541 0.192081 0.163012 0.551576
2 0.411412 0.0416418 0.200579 0.0832215 0.50302
11 0.605649 0.352348 0.0419515 0.0354023 0.484572
2 0.340043 0.15409 0.125733 0.141988 0.472143
2 0.889607 0.486984 0.0925956 0.109509 0.461317
3 0.82404 0.316511 0.0458425 0.0768167 0.407781
2 0.769793 0.6916 0.0963998 0.061929 0.36918
11 0.993809 0.271352 0.0123823 0.0341799 0.355787
2 0.977435 0.443727 0.0451306 0.141039 0.303298
