2 0.415806 0.914478 0.134034 0.133323 0.935178
2 0.147073 0.631608 0.13769 0.12101 0.934987
2 0.175454 0.270078 0.127578 0.146835 0.921633
2 0.527173 0.287776 0.125863 0.138599 0.904715
2 0.173476 0.512138 0.121122 0.117705 0.898534
2 0.697331 0.244707 0.136412 0.100618 0.898254
2 0.45204 0.666977 0.115211 0.120107 0.878402
2 0.113742 0.865922 0.180862 0.115799 0.867516
11 0.164435 0.0636256 0.0423423 0.0279891 0.864159
2 0.309476 0.658644 0.140683 0.114293 0.850244
2 0.746469 0.522742 0.165747 0.334478 0.841876
11 0.224124 0.068541 0.0478433 0.0307146 0.831107
11 0.273597 0.129608 0.0408802 0.0287132 0.80024
11 0.350259 0.76613 0.0447907 0.0292533 0.769286
2 0.878545 0.263313 0.12214 0.101592 0.697104
11 0.165709 0.732533 0.0427347 0.0273079 0.668037
2 0.938201 0.977059 0.123598 0.0458823 0.645128
11 0.696558 0.166752 0.0429274 0.025975 0.644388
2 0.296793 0.251122 0.0900457 0.0931123 0.615615
11 0.925288 0.124208 0.0423 0.0251164 0.612722
2 0.0594253 0.948681 0.114373 0.102637 0.603379
2 0.298433 0.970715 0.087026 0.0585695 0.588915
11 0.12516 0.724562 0.0404799 0.0266831 0.58672
2 0.970665 0.0425995 0.0585562 0.083775 0.527219
11 0.0110232 0.456571 0.0216138 0.043211 0.525361
2 0.70893 0.0271773 0.15114 0.0541045 0.522728
2 0.551171 0.00733036 0.115502 0.0146607 0.430376
11 0.101173 0.425649 0.0472503 0.0279807 0.392868
2 0.966251 0.745307 0.0674979 0.236763 0.383484
7 0.58019 0.130559 0.072708 0.0332991 0.371606
3 0.0259434 0.724175 0.0425964 0.066478 0.343285
11 0.915747 0.186389 0.0469366 0.0291541 0.3319
11 0.579907 0.130168 0.0716373 0.0326325 0.327248
2 0.973959 0.275003 0.052082 0.0966906 0.317816
2 0.0797133 0.0137243 0.0878017 0.0273051 0.30072
11 0.449781 0.140985 0.0403822 0.026168 0.283944
2 0.962312 0.604261 0.0753771 0.475834 0.256674
