2 0.349427 0.876056 0.186983 0.177823 0.93623
2 0.559993 0.34748 0.170486 0.143876 0.925919
2 0.574939 0.714884 0.181506 0.158101 0.908888
2 0.126826 0.528751 0.126526 0.127637 0.887042
2 0.926376 0.609729 0.127039 0.148144 0.870863
2 0.296192 0.115003 0.15144 0.143461 0.821177
2 0.844593 0.206989 0.140008 0.115522 0.817851
2 0.625101 0.95133 0.190777 0.0969853 0.805553
2 0.67291 0.182348 0.134953 0.175155 0.803854
2 0.0527179 0.756236 0.105436 0.103481 0.798985
2 0.508358 0.48933 0.147757 0.137286 0.797112
11 0.316026 0.570168 0.0361397 0.0523264 0.788387
3 0.536558 0.0339724 0.0625902 0.0678329 0.774207
11 0.321817 0.3491 0.0310769 0.0485865 0.75827
2 0.890754 0.33152 0.125178 0.162719 0.750006
3 0.0852844 0.888462 0.0472341 0.0719128 0.749946
3 0.175096 0.852844 0.0749781 0.0652759 0.726769
2 0.0474679 0.93484 0.0943347 0.129889 0.726557
11 0.342773 0.300012 0.0310642 0.0465389 0.713472
11 0.428929 0.0875712 0.0268879 0.0375147 0.708732
11 0.395323 0.160244 0.0347715 0.0511532 0.701007
11 0.0287848 0.876517 0.03566 0.0344536 0.684866
11 0.851291 0.137018 0.0429946 0.0298552 0.639999
11 0.223257 0.805971 0.0290856 0.0446966 0.637767
2 0.17332 0.317839 0.152525 0.141815 0.628681
11 0.4109 0.31858 0.0300217 0.0387408 0.582016
11 0.655836 0.907423 0.0526328 0.0344196 0.527803
2 0.21948 0.23557 0.16803 0.127614 0.468789
2 0.396138 0.0114202 0.110834 0.0227327 0.419883
2 0.0917372 0.657115 0.119803 0.10851 0.403375
2 0.709278 0.0155612 0.117395 0.0308904 0.401989
2 0.209115 0.0683414 0.149892 0.135697 0.350427
11 0.669831 0.0749538 0.0386166 0.0284919 0.326847
11 0.441565 0.252918 0.0211447 0.0281907 0.321353
2 0.344643 0.042699 0.104713 0.085398 0.318371
2 0.673538 0.0156827 0.183138 0.0312461 0.309102
