2 0.162494 0.534131 0.124846 0.133402 0.888277
2 0.620003 0.284161 0.144457 0.136033 0.880633
2 0.202196 0.379502 0.140839 0.154635 0.874721
2 0.173172 0.663387 0.126878 0.109101 0.869515
2 0.418354 0.811561 0.15896 0.155276 0.854847
2 0.600388 0.587385 0.103921 0.125465 0.853452
11 0.622554 0.0686953 0.0342861 0.0453491 0.842285
11 0.75424 0.129932 0.04196 0.045563 0.83336
11 0.0704991 0.970076 0.034234 0.0404957 0.824278
2 0.776322 0.67787 0.101645 0.110203 0.822102
2 0.788202 0.422626 0.111477 0.124284 0.816346
3 0.467168 0.308847 0.0793261 0.0673588 0.810347
2 0.0898584 0.837324 0.143806 0.181868 0.802615
2 0.691099 0.628974 0.101566 0.112388 0.801791
2 0.922072 0.563392 0.0902706 0.0923182 0.800218
2 0.0751211 0.148059 0.144757 0.131792 0.796596
3 0.412916 0.403742 0.0702142 0.0606451 0.792023
2 0.661707 0.910113 0.163734 0.129333 0.791696
2 0.291908 0.277973 0.168576 0.168802 0.763943
2 0.490347 0.492408 0.112662 0.109296 0.755197
11 0.743702 0.544132 0.0408779 0.0351384 0.755187
2 0.513861 0.0490645 0.0969063 0.081272 0.748184
2 0.929058 0.765361 0.106801 0.114216 0.671861
2 0.790527 0.965856 0.112334 0.0682243 0.659442
11 0.839741 0.596972 0.0421213 0.0367517 0.652806
2 0.43709 0.618673 0.0985256 0.0997173 0.634761
2 0.862444 0.725744 0.10292 0.110746 0.615118
2 0.963793 0.217335 0.0724133 0.205351 0.606551
2 0.203583 0.961929 0.146825 0.0756075 0.601971
11 0.350475 0.544342 0.0261741 0.0340565 0.589929
2 0.121036 0.0229959 0.104279 0.0459918 0.548946
2 0.0251609 0.978074 0.0498425 0.0434822 0.523174
2 0.915572 0.0159225 0.128751 0.0317051 0.522638
11 0.253805 0.720869 0.0400931 0.0446966 0.499617
2 0.975801 0.441761 0.048399 0.109741 0.495374
11 0.333687 0.578972 0.0256245 0.0306892 0.472346
11 0.44278 0.978842 0.0381905 0.0421467 0.467482
2 0.974125 0.597514 0.0516213 0.13411 0.45451
2 0.32024 0.122578 0.115626 0.100042 0.434887
2 0.356828 0.0490721 0.135255 0.0981442 0.387969
2 0.905967 0.464049 0.0825275 0.0787651 0.34037
2 0.971492 0.251745 0.0568709 0.125916 0.325387
2 0.302767 0.0494048 0.246276 0.0985211 0.281997
