11 0.530642 0.0983214 0.0436102 0.0341267 0.838024
11 0.350109 0.797317 0.0332567 0.0371506 0.804857
11 0.395257 0.0906288 0.0433467 0.030923 0.796968
11 0.272161 0.871532 0.0454275 0.0455166 0.781975
2 0.170776 0.850587 0.152968 0.162204 0.759196
11 0.392122 0.0320655 0.0408577 0.0300299 0.697782
11 0.455441 0.119298 0.042709 0.034512 0.676685
11 0.495915 0.141477 0.0409511 0.0285596 0.593866
2 0.039633 0.761367 0.079266 0.211758 0.534973
2 0.643432 0.0692916 0.144318 0.138583 0.451243
2 0.746794 0.749315 0.506412 0.50137 0.436773
2 0.873933 0.147773 0.231897 0.185552 0.420661
2 0.121516 0.0976106 0.220752 0.184389 0.413563
2 0.116101 0.13573 0.230999 0.265531 0.319279
2 0.0526308 0.511164 0.105262 0.179084 0.308095
2 0.419699 0.607951 0.154046 0.164975 0.286389
2 0.269108 0.449484 0.156339 0.159026 0.274444
2 0.459471 0.341889 0.285759 0.287981 0.264105
2 0.279807 0.146584 0.125324 0.128624 0.258953
