11 0.416474 0.0199774 0.0421058 0.0341987 0.849298
11 0.809388 0.955232 0.0316269 0.0501295 0.82793
11 0.346504 0.0230456 0.0359441 0.0376666 0.824596
2 0.943152 0.779278 0.113696 0.116549 0.809064
11 0.162445 0.0130761 0.0469061 0.026125 0.807836
3 0.540234 0.08874 0.0804172 0.0752768 0.77675
11 0.186897 0.0680351 0.0340598 0.0495118 0.772948
11 0.788758 0.165143 0.0399544 0.0369418 0.744827
3 0.713999 0.677669 0.0994266 0.0664608 0.679703
2 0.163774 0.696689 0.327548 0.598239 0.628299
2 0.590974 0.601048 0.151785 0.166213 0.617621
2 0.491867 0.734348 0.120873 0.10425 0.590269
11 0.902069 0.920402 0.0442909 0.0396652 0.588067
11 0.908372 0.944359 0.0496662 0.0408396 0.471475
7 0.908888 0.944833 0.0499603 0.043554 0.464626
11 0.883044 0.0141773 0.0496658 0.028186 0.462456
11 0.725349 0.00901749 0.0413205 0.0178946 0.460692
2 0.850352 0.364173 0.299297 0.715623 0.453316
11 0.993016 0.0114492 0.0138079 0.0228985 0.426976
7 0.00949434 0.294014 0.0189887 0.0518481 0.370169
11 0.487431 0.985176 0.0332489 0.0296476 0.33679
11 0.27847 0.330573 0.0442472 0.0402708 0.327041
11 0.986292 0.10126 0.0271198 0.0381146 0.313889
11 0.726964 0.0879051 0.0358969 0.035378 0.267197
11 0.71911 0.00985614 0.0521285 0.0196554 0.266588
