2 0.699766 0.466965 0.303736 0.270851 0.875381
2 0.448505 0.284065 0.327869 0.279263 0.847989
2 0.213825 0.762658 0.288587 0.281809 0.840557
2 0.926462 0.696936 0.147077 0.253348 0.74411
2 0.57799 0.643613 0.202455 0.248175 0.743076
11 0.817433 0.305976 0.0485725 0.0444038 0.73905
11 0.0131256 0.759496 0.0260318 0.0345474 0.729164
11 0.15058 0.868267 0.0401863 0.0395954 0.705487
2 0.264275 0.466146 0.24091 0.362578 0.664535
11 0.874374 0.0191392 0.0417462 0.038169 0.664515
11 0.702527 0.319078 0.0350492 0.0351798 0.61846
2 0.863296 0.862733 0.199459 0.273812 0.601863
11 0.858171 0.0466179 0.0417585 0.0404009 0.597255
2 0.538734 0.819845 0.175797 0.15199 0.517152
2 0.505757 0.929174 0.252692 0.14134 0.445543
11 0.113939 0.841735 0.0344971 0.0316914 0.37014
11 0.829531 0.0951969 0.0306244 0.0316994 0.369657
2 0.952855 0.244454 0.0942238 0.214344 0.342271
2 0.202764 0.108432 0.140459 0.148304 0.340081
2 0.071603 0.0916583 0.142833 0.179323 0.327274
11 0.0514988 0.796718 0.0377731 0.0347573 0.324825
11 0.84638 0.0625984 0.0365118 0.0434532 0.316451
2 0.717668 0.067369 0.242032 0.13329 0.265094
2 0.133652 0.0973845 0.266143 0.193986 0.261455
11 0.814138 0.117814 0.0317483 0.031975 0.255412
