2 0.577829 0.0881712 0.113198 0.11294 0.870371
2 0.507451 0.942513 0.168056 0.114973 0.856735
2 0.745112 0.791723 0.145629 0.123278 0.846794
11 0.0412756 0.0317189 0.0414533 0.0347647 0.803967
11 0.756017 0.420046 0.0371816 0.0407546 0.803068
2 0.185522 0.92652 0.090629 0.135369 0.78685
2 0.348772 0.965109 0.166108 0.0696873 0.770682
2 0.0946911 0.741358 0.115106 0.116382 0.769426
2 0.519023 0.365969 0.139815 0.152512 0.76276
2 0.656576 0.489852 0.122321 0.109783 0.746073
11 0.70598 0.894232 0.0365103 0.0342392 0.732526
7 0.0891562 0.0178343 0.0526063 0.0356304 0.727511
11 0.896278 0.790527 0.0442116 0.0374697 0.724467
2 0.0551649 0.144439 0.109603 0.109609 0.707208
11 0.857069 0.813305 0.0340637 0.028006 0.699158
2 0.786267 0.963357 0.138672 0.0725223 0.689445
2 0.928274 0.968874 0.12368 0.0622518 0.688783
11 0.575221 0.969235 0.0400523 0.0348807 0.680946
2 0.0523561 0.954986 0.087926 0.0900272 0.679879
2 0.0376729 0.488709 0.0753162 0.136573 0.67119
2 0.548457 0.733735 0.103866 0.117888 0.660084
2 0.423125 0.767453 0.0929124 0.0697796 0.657504
11 0.896082 0.561354 0.039979 0.0439165 0.656942
2 0.740961 0.54541 0.121343 0.114886 0.642897
11 0.928912 0.597345 0.0333136 0.0401458 0.624859
11 0.690564 0.353374 0.0268251 0.0314579 0.62321
2 0.600063 0.40785 0.0945568 0.100784 0.619296
11 0.744685 0.870352 0.0416287 0.0365284 0.618025
2 0.400756 0.217551 0.122979 0.107585 0.606361
2 0.731942 0.248535 0.172133 0.174707 0.583198
11 0.554939 0.243556 0.039197 0.036834 0.557812
2 0.669924 0.149394 0.108946 0.108667 0.546259
2 0.793353 0.627718 0.122191 0.116961 0.53832
11 0.852571 0.515524 0.0399475 0.0467037 0.470338
7 0.895792 0.561634 0.040208 0.0447751 0.463882
2 0.227313 0.256473 0.107901 0.0849169 0.460732
2 0.444902 0.826261 0.0767031 0.095858 0.458129
2 0.941242 0.11462 0.117515 0.198671 0.452212
2 0.965087 0.543603 0.0698257 0.144257 0.447567
11 0.613838 0.945707 0.0413995 0.0323257 0.433131
2 0.150086 0.116263 0.122157 0.107708 0.420822
2 0.463042 0.262331 0.101159 0.10433 0.406256
2 0.967592 0.340302 0.0646187 0.126678 0.392116
2 0.292752 0.0752762 0.221258 0.133168 0.383906
2 0.250062 0.0731903 0.137189 0.122887 0.381202
2 0.687699 0.986 0.11 0.0279999 0.37457
2 0.963982 0.108782 0.0720369 0.212604 0.373249
2 0.884679 0.646495 0.110114 0.0976948 0.35745
2 0.0434489 0.339382 0.0868978 0.0851368 0.338645
2 0.646338 0.675694 0.15806 0.193364 0.328061
2 0.0457684 0.282814 0.0915368 0.0976155 0.309138
2 0.776229 0.219248 0.272238 0.232983 0.294839
6 0.631451 0.25929 0.0700893 0.0723387 0.278376
2 0.0212413 0.981811 0.0419968 0.0363788 0.268361
