2 0.78038 0.788974 0.191272 0.137892 0.909418
2 0.557822 0.279034 0.161724 0.216049 0.909237
2 0.213233 0.612809 0.110795 0.112918 0.874583
2 0.56027 0.55272 0.117658 0.0954851 0.866618
2 0.416042 0.609697 0.108332 0.0845884 0.849132
2 0.672955 0.635653 0.134162 0.166938 0.824706
2 0.675256 0.04648 0.198858 0.0927041 0.824552
2 0.42951 0.689694 0.146078 0.0723433 0.797028
11 0.970245 0.403657 0.0457363 0.034737 0.792112
2 0.369626 0.041072 0.226409 0.0820952 0.77802
2 0.301839 0.718391 0.130517 0.120546 0.771012
11 0.128187 0.616606 0.0430431 0.0272455 0.761191
2 0.454729 0.927059 0.242123 0.145832 0.701895
11 0.961619 0.42787 0.040686 0.0341863 0.701871
2 0.15966 0.411833 0.15297 0.185648 0.677977
11 0.123303 0.505459 0.0496199 0.0275923 0.656709
2 0.97423 0.544318 0.0515407 0.130958 0.624275
7 0.868214 0.181806 0.0512598 0.0554442 0.605386
2 0.860166 0.968911 0.160235 0.0618322 0.513646
2 0.825385 0.554186 0.230126 0.137095 0.509751
11 0.807735 0.311924 0.0270955 0.0493703 0.451703
2 0.109024 0.865725 0.218027 0.268311 0.437574
2 0.895867 0.282353 0.113628 0.115301 0.418068
2 0.0390665 0.868737 0.0772033 0.261929 0.411148
2 0.946484 0.192023 0.107032 0.135149 0.398742
2 0.937264 0.757665 0.125292 0.307248 0.346855
2 0.696057 0.219534 0.138484 0.136735 0.332667
3 0.732878 0.382439 0.0691686 0.0657904 0.325612
2 0.150377 0.092504 0.0943452 0.183617 0.288747
2 0.197381 0.413481 0.0778954 0.113189 0.268355
2 0.137024 0.240247 0.0939733 0.124029 0.258864
11 0.759874 0.965435 0.0244302 0.0429619 0.256939
2 0.00770476 0.0423678 0.0154095 0.0847356 0.252962
