11 0.371336 0.950004 0.0507876 0.0371285 0.730103
2 0.756877 0.583099 0.141681 0.172771 0.697573
7 0.331122 0.723962 0.0353636 0.0687485 0.692939
11 0.417437 0.946293 0.042702 0.0314026 0.672182
7 0.238608 0.905461 0.0602524 0.0397837 0.615099
11 0.409649 0.863704 0.0515718 0.0285082 0.586013
7 0.244309 0.850444 0.0678816 0.0289799 0.474457
7 0.386324 0.746256 0.061446 0.0596928 0.451172
11 0.284906 0.88763 0.0338991 0.052063 0.447876
11 0.254087 0.935701 0.0583273 0.0293743 0.436482
11 0.402055 0.838585 0.0569444 0.0348328 0.433664
11 0.413066 0.912978 0.055728 0.039039 0.425121
2 0.749459 0.910183 0.212454 0.178273 0.385782
2 0.570759 0.569525 0.206483 0.139704 0.382993
2 0.637105 0.846064 0.436007 0.30727 0.373503
2 0.527952 0.795092 0.218246 0.203886 0.362765
7 0.284936 0.890576 0.0353329 0.0573098 0.339832
6 0.312062 0.853262 0.0502792 0.144999 0.334124
2 0.760899 0.626516 0.151804 0.254671 0.310701
7 0.234845 0.764827 0.056491 0.0311544 0.265595
