2 0.252681 0.767352 0.437004 0.218778 0.950042
7 0.897201 0.184255 0.0580375 0.0635939 0.909137
2 0.155951 0.371758 0.311357 0.226244 0.876213
2 0.357509 0.0761772 0.488099 0.152354 0.874313
11 0.858273 0.0884498 0.0427452 0.0469769 0.825663
11 0.682726 0.509317 0.0216071 0.0453142 0.799722
11 0.606699 0.562761 0.0249281 0.0521084 0.796151
11 0.19817 0.886285 0.0223122 0.0407517 0.788927
3 0.805827 0.0788373 0.0906609 0.115693 0.779022
11 0.489979 0.463831 0.043503 0.0275444 0.777294
11 0.686856 0.458555 0.021364 0.0413736 0.774171
11 0.29496 0.529208 0.0394644 0.0335009 0.76614
11 0.306107 0.914636 0.034851 0.0319327 0.76225
11 0.661801 0.775401 0.021187 0.046699 0.757925
11 0.654809 0.898343 0.0214705 0.0445988 0.754426
11 0.594523 0.702515 0.0267343 0.056365 0.753523
11 0.343684 0.303192 0.0465789 0.0337973 0.751527
11 0.671419 0.362385 0.0260004 0.0520967 0.735527
11 0.351753 0.340277 0.0516244 0.0343386 0.735305
11 0.65713 0.850376 0.0221182 0.0457523 0.726915
11 0.392738 0.577722 0.0285194 0.0454235 0.716194
11 0.644585 0.99124 0.0253706 0.0173849 0.712349
11 0.649342 0.946493 0.0216847 0.0479919 0.709365
11 0.6771 0.558743 0.0212433 0.0489975 0.704151
11 0.254866 0.668503 0.0273938 0.0488684 0.690115
11 0.415126 0.583095 0.0275492 0.0467662 0.681948
3 0.67894 0.081888 0.137727 0.123345 0.679504
11 0.391552 0.933303 0.0361938 0.029357 0.670964
11 0.242077 0.566426 0.052226 0.0385878 0.639284
11 0.358467 0.698249 0.0242235 0.0402726 0.626885
11 0.320181 0.464256 0.0427757 0.0319019 0.614552
11 0.307915 0.686033 0.0225029 0.0395394 0.598838
11 0.40751 0.528116 0.0323307 0.0527668 0.580449
11 0.670071 0.670816 0.0198525 0.0461124 0.519845
11 0.326334 0.442404 0.0452552 0.0307963 0.497589
7 0.241945 0.567049 0.0536807 0.0387008 0.466214
11 0.43955 0.41247 0.0328936 0.0514785 0.461166
8 0.823747 0.466019 0.127401 0.151204 0.424825
11 0.204925 0.658191 0.0220774 0.039319 0.397598
11 0.347526 0.368572 0.0494577 0.0305762 0.393393
11 0.336971 0.683968 0.0244309 0.0369428 0.271503
