11 0.119951 0.157679 0.0383851 0.0352462 0.880989
2 0.867656 0.336069 0.264583 0.349487 0.819197
2 0.280908 0.50296 0.484562 0.516074 0.813539
3 0.754807 0.967048 0.0965261 0.0659037 0.813298
11 0.351566 0.15393 0.0371428 0.0406195 0.810727
3 0.589543 0.842516 0.0654932 0.0957797 0.759168
11 0.640798 0.53622 0.0330435 0.041493 0.755515
3 0.653874 0.938239 0.0642328 0.0917849 0.745248
11 0.482724 0.306923 0.033349 0.0367678 0.731793
11 0.732965 0.587999 0.0299998 0.0335304 0.719366
11 0.582109 0.419559 0.0315182 0.035899 0.680779
11 0.696964 0.551632 0.0306445 0.0337396 0.679881
3 0.291029 0.1373 0.0753405 0.0857019 0.634087
2 0.916558 0.892386 0.137262 0.212681 0.422282
11 0.76371 0.565495 0.0373208 0.0385459 0.390638
11 0.391361 0.251219 0.0249543 0.0287099 0.344339
