2 0.0751211 0.427951 0.118072 0.132239 0.86056
11 0.703022 0.45486 0.0395439 0.0374132 0.847331
7 0.763579 0.353164 0.0311086 0.0527696 0.802634
2 0.663436 0.178923 0.385036 0.357846 0.675702
7 0.654397 0.378215 0.0348446 0.0702531 0.654953
11 0.710893 0.359191 0.031358 0.0548075 0.594683
11 0.641394 0.532628 0.030353 0.0500494 0.575481
7 0.71139 0.359064 0.0315457 0.0545566 0.530626
7 0.736732 0.356228 0.0305971 0.0537072 0.525378
2 0.0785414 0.0410941 0.157083 0.0821882 0.524836
2 0.39669 0.742599 0.526024 0.476181 0.519571
7 0.621149 0.367103 0.0278346 0.0475209 0.516605
11 0.0363448 0.236918 0.0341163 0.0394181 0.509112
11 0.62058 0.367091 0.0280871 0.0476619 0.493829
11 0.00703389 0.190147 0.0140678 0.0387957 0.42665
11 0.684074 0.360648 0.0287546 0.0504365 0.408628
2 0.16109 0.176136 0.322179 0.352272 0.331205
2 0.734051 0.170883 0.531898 0.341129 0.330946
2 0.215391 0.176995 0.211777 0.353991 0.308723
2 0.0136033 0.527463 0.0272066 0.123823 0.30443
11 0.671642 0.466588 0.0283798 0.0405591 0.299821
11 0.658035 0.485626 0.0316654 0.0367288 0.286855
7 0.586008 0.504597 0.038846 0.0563937 0.261112
