2 0.684413 0.915465 0.265504 0.147708 0.962316
2 0.278468 0.805245 0.195207 0.28423 0.91652
2 0.27204 0.435024 0.265649 0.276465 0.880492
2 0.449736 0.28525 0.229442 0.226627 0.875469
11 0.745717 0.0190615 0.0478145 0.0343449 0.841025
3 0.959721 0.294784 0.0711951 0.0519341 0.839411
11 0.873233 0.0117107 0.0547584 0.0233805 0.759598
11 0.93192 0.61331 0.0264485 0.045393 0.716363
2 0.74927 0.221633 0.159552 0.186286 0.686042
11 0.674243 0.0401201 0.0365494 0.0242256 0.680243
2 0.0300143 0.740157 0.0596712 0.296816 0.504296
2 0.761199 0.476128 0.160924 0.34585 0.481298
2 0.743406 0.731796 0.152509 0.191706 0.402132
11 0.661793 0.649332 0.0242026 0.0435271 0.358745
2 0.758302 0.561624 0.158591 0.533495 0.293249
