2 0.0809749 0.950983 0.151351 0.09779 0.895912
2 0.845297 0.696048 0.127516 0.141754 0.849963
2 0.340541 0.707855 0.215074 0.205327 0.842897
2 0.173975 0.425907 0.194152 0.141386 0.83342
11 0.108452 0.491086 0.0411228 0.0324497 0.832631
2 0.518512 0.56761 0.182827 0.17759 0.806767
11 0.861206 0.837085 0.0400326 0.0280693 0.79542
11 0.0204431 0.451472 0.0408862 0.0339467 0.778017
2 0.867935 0.906461 0.134643 0.106367 0.773099
2 0.28883 0.91808 0.268684 0.16271 0.772698
2 0.806686 0.489855 0.114191 0.106661 0.73076
2 0.589663 0.791656 0.14876 0.123248 0.726943
11 0.351278 0.604127 0.0432169 0.0323283 0.708216
2 0.308851 0.433804 0.102905 0.167035 0.70403
2 0.691059 0.844115 0.115128 0.127828 0.688999
11 0.948559 0.0696452 0.0446422 0.0356058 0.679008
11 0.203518 0.536824 0.0362484 0.0287266 0.677819
2 0.0724441 0.742119 0.144888 0.15815 0.672614
2 0.260984 0.238764 0.210694 0.180903 0.671423
2 0.733983 0.671673 0.115764 0.147059 0.665484
2 0.125835 0.605223 0.118748 0.194937 0.663909
2 0.0393376 0.521147 0.078376 0.131301 0.660602
11 0.0667744 0.317367 0.0405577 0.0310703 0.590263
11 0.244318 0.554563 0.0386505 0.0312865 0.584224
2 0.979648 0.215575 0.0406616 0.146568 0.534406
2 0.655994 0.370151 0.111332 0.0977313 0.533363
11 0.348362 0.565984 0.0240755 0.0405851 0.485879
2 0.401603 0.496347 0.135245 0.145324 0.462372
2 0.492691 0.910321 0.137189 0.163193 0.448686
2 0.971533 0.522891 0.0567738 0.130308 0.424617
2 0.916798 0.0333076 0.166404 0.0666152 0.401439
2 0.769444 0.989281 0.122054 0.0212658 0.378582
2 0.507244 0.395702 0.0742802 0.119015 0.377094
2 0.206287 0.620945 0.1058 0.121007 0.364008
2 0.480856 0.289347 0.122545 0.097792 0.328626
2 0.0237704 0.640985 0.0475408 0.137601 0.310229
2 0.767206 0.868136 0.0837232 0.0958984 0.31005
2 0.58107 0.427533 0.0801893 0.126562 0.297136
2 0.645502 0.629101 0.0997559 0.145235 0.286896
2 0.889695 0.978925 0.107726 0.0419747 0.258585
