2 0.291651 0.324614 0.247084 0.226361 0.902487
11 0.713337 0.54206 0.0372021 0.0575108 0.874151
11 0.802969 0.831227 0.037374 0.0547386 0.869876
3 0.432296 0.114278 0.0870146 0.0640818 0.850638
11 0.675831 0.433868 0.0356858 0.0535059 0.849467
11 0.70496 0.6823 0.0379261 0.0545959 0.836444
11 0.351009 0.727008 0.0359363 0.0548218 0.819385
11 0.640374 0.477187 0.0342663 0.0461206 0.803684
11 0.615323 0.657709 0.037128 0.0553848 0.7847
11 0.800447 0.976957 0.0388481 0.0460856 0.757893
11 0.819791 0.132987 0.027211 0.0473073 0.753379
7 0.753389 0.64812 0.0526305 0.0797106 0.749065
7 0.578398 0.955201 0.036432 0.0553356 0.739507
11 0.527886 0.976512 0.0298801 0.0460342 0.717723
11 0.400566 0.798541 0.0313932 0.0464502 0.710363
11 0.346319 0.421554 0.0293383 0.0448106 0.701587
11 0.300997 0.557243 0.0357876 0.0512491 0.693755
11 0.458441 0.510566 0.0349277 0.0456211 0.68943
7 0.415892 0.51679 0.0426655 0.0615345 0.664792
7 0.299388 0.444748 0.0352229 0.0516878 0.562205
11 0.292653 0.568728 0.0304406 0.0397079 0.518781
11 0.888231 0.366706 0.0337963 0.0511943 0.515606
3 0.7985 0.014641 0.0708485 0.0290583 0.492981
2 0.957052 0.264156 0.0858951 0.320165 0.475578
11 0.750748 0.838437 0.0257698 0.0358563 0.440827
11 0.326507 0.428834 0.029846 0.0466917 0.432433
11 0.28648 0.575267 0.0239503 0.0312977 0.410388
11 0.553034 0.445493 0.0295456 0.0509399 0.395024
11 0.299549 0.444455 0.0359312 0.0513162 0.382929
2 0.957592 0.343408 0.084817 0.468806 0.302337
