2 0.777857 0.309716 0.22443 0.3255 0.769107
2 0.93883 0.872229 0.122224 0.248342 0.658529
2 0.769466 0.5368 0.235129 0.21687 0.588766
2 0.399587 0.240623 0.495479 0.421779 0.559021
2 0.760439 0.746899 0.239969 0.209213 0.491171
2 0.430563 0.88001 0.346497 0.239228 0.471926
2 0.0618445 0.923065 0.123462 0.0834198 0.424264
2 0.101508 0.196423 0.20242 0.392846 0.411019
2 0.146818 0.733792 0.222424 0.124853 0.352055
7 0.602739 0.980767 0.0252011 0.0373581 0.340926
2 0.951945 0.453674 0.0961107 0.509455 0.286386
2 0.953491 0.273396 0.0930176 0.144417 0.262115
