2 0.486062 0.0891093 0.234919 0.176683 0.978675
2 0.751753 0.167058 0.30418 0.235492 0.946039
11 0.953896 0.864585 0.0461747 0.0319281 0.8461
11 0.201981 0.855814 0.0283806 0.0454819 0.821386
11 0.715929 0.78902 0.0519834 0.0360136 0.818276
11 0.615967 0.320568 0.0482573 0.0352871 0.811453
11 0.204671 0.966147 0.0244679 0.0399496 0.788899
11 0.673395 0.336819 0.0423952 0.0332744 0.774659
11 0.62378 0.761356 0.0495618 0.0364805 0.762491
2 0.380751 0.919178 0.232126 0.161369 0.75571
11 0.93091 0.485016 0.041881 0.0294741 0.754386
11 0.270302 0.610014 0.0279597 0.0447557 0.753887
11 0.712269 0.41578 0.0500742 0.0283747 0.749146
11 0.187197 0.237987 0.0493097 0.0346338 0.746459
2 0.0468553 0.363515 0.0935144 0.155353 0.741904
11 0.754713 0.364748 0.0478063 0.0362536 0.739489
11 0.295077 0.519699 0.024302 0.0411729 0.727845
2 0.569629 0.515617 0.378634 0.204597 0.703513
11 0.670681 0.777671 0.0460454 0.0359547 0.697794
11 0.712735 0.352245 0.0446406 0.0353243 0.686297
3 0.331269 0.259967 0.052363 0.0825608 0.675182
11 0.574959 0.745869 0.0518919 0.0335743 0.660596
2 0.0460711 0.0347814 0.0919641 0.0695525 0.652517
2 0.0801988 0.924631 0.0901344 0.106835 0.645818
2 0.831856 0.953514 0.312043 0.0929714 0.645194
11 0.879581 0.467068 0.0431293 0.0304587 0.611493
11 0.975877 0.502538 0.0449356 0.0329405 0.610427
2 0.148202 0.367002 0.0786631 0.0983202 0.609805
11 0.808559 0.383335 0.0601282 0.0395552 0.600438
11 0.0155698 0.178791 0.0311396 0.0355534 0.583389
11 0.0888096 0.207809 0.0557113 0.0396648 0.56144
3 0.372875 0.328751 0.0847692 0.0570638 0.558557
11 0.558582 0.366959 0.0359358 0.0265303 0.507332
7 0.451129 0.269412 0.0565035 0.0393827 0.458149
11 0.987364 0.875015 0.0252714 0.0319153 0.433535
2 0.942166 0.013379 0.115667 0.026633 0.414615
11 0.308025 0.102726 0.0261553 0.0403257 0.414534
2 0.0810887 0.814778 0.117228 0.127303 0.391118
11 0.450648 0.269623 0.0577448 0.0387771 0.389489
2 0.0370341 0.970012 0.0736862 0.0598514 0.354887
3 0.336544 0.177591 0.0799885 0.0604964 0.327768
2 0.233774 0.0220982 0.157552 0.0441963 0.32769
2 0.0788229 0.865018 0.120183 0.229433 0.312821
2 0.173928 0.459507 0.0846231 0.131682 0.273371
