11 0.336813 0.254652 0.039709 0.0435754 0.855108
11 0.161598 0.515686 0.0547966 0.0389324 0.815826
2 0.750142 0.168939 0.221985 0.210434 0.802164
11 0.318216 0.369406 0.0418174 0.0463503 0.798106
11 0.971176 0.0395572 0.0331036 0.0475188 0.784968
11 0.253982 0.361185 0.042512 0.0533659 0.772559
11 0.432397 0.0837865 0.0390883 0.0454491 0.769082
11 0.0440018 0.541453 0.0589074 0.0372455 0.75541
11 0.377774 0.204951 0.0466446 0.0500525 0.718069
11 0.394535 0.13269 0.0401114 0.0447787 0.71452
11 0.461643 0.0418311 0.0380863 0.0464575 0.620056
3 0.311177 0.615738 0.104304 0.0996301 0.55487
2 0.57158 0.775908 0.690576 0.215773 0.547252
7 0.429409 0.142711 0.0575575 0.0655693 0.514467
2 0.236965 0.15142 0.456229 0.302839 0.477886
11 0.264467 0.295798 0.0427211 0.0483959 0.452514
3 0.98656 0.712935 0.0268028 0.0987227 0.450485
11 0.991355 0.10537 0.0172896 0.0434277 0.422568
2 0.680087 0.97366 0.230739 0.0526798 0.422208
2 0.550409 0.403481 0.397519 0.332009 0.421709
2 0.429012 0.958225 0.29997 0.0835505 0.416406
2 0.187013 0.86598 0.176963 0.199736 0.407721
2 0.878825 0.502258 0.241847 0.222566 0.378819
2 0.467158 0.853724 0.283369 0.111036 0.285343
7 0.0268792 0.432715 0.0503739 0.0382302 0.267209
11 0.489623 0.00959354 0.0374153 0.0191549 0.262859
