11 0.575433 0.933234 0.0311812 0.0490994 0.86608
11 0.604634 0.737871 0.0305554 0.0487058 0.855898
11 0.460229 0.497576 0.0349009 0.052448 0.84894
11 0.543059 0.505691 0.0311124 0.048671 0.830878
11 0.620109 0.80671 0.0299678 0.0540255 0.823188
11 0.486285 0.60147 0.0326309 0.0552856 0.822794
11 0.560736 0.877313 0.0285181 0.0468828 0.813316
11 0.496026 0.327462 0.0280107 0.0477853 0.813221
11 0.457588 0.153714 0.0298776 0.0495038 0.809882
11 0.440997 0.0795373 0.0299421 0.0504042 0.808144
11 0.646823 0.891302 0.0308683 0.0494443 0.807057
11 0.544609 0.825185 0.0324698 0.0539803 0.795603
11 0.518081 0.723118 0.0348759 0.0530066 0.762175
11 0.588681 0.979375 0.0285532 0.0398571 0.729108
11 0.426205 0.0126077 0.0276517 0.0252154 0.703048
11 0.58243 0.651543 0.0362015 0.0590115 0.701742
11 0.535077 0.284992 0.0349665 0.0456044 0.314286
