7 0.832698 0.784883 0.032527 0.0653646 0.860996
11 0.557096 0.907709 0.0353251 0.0526005 0.852679
11 0.582882 0.846154 0.0311135 0.0440651 0.836745
11 0.601244 0.803877 0.0313163 0.0471776 0.82558
11 0.74282 0.682292 0.0334105 0.049553 0.816602
11 0.695285 0.792282 0.0330327 0.0469599 0.809042
11 0.651747 0.689051 0.0302385 0.0499001 0.803667
7 0.849271 0.692275 0.0378756 0.0746097 0.7949
2 0.655323 0.305834 0.203985 0.131293 0.790605
2 0.730222 0.09635 0.173684 0.191261 0.78704
11 0.679639 0.622999 0.0289117 0.0458692 0.781778
3 0.80123 0.445636 0.0893795 0.0661757 0.769662
7 0.633871 0.940835 0.0455454 0.0707065 0.769209
11 0.820816 0.852506 0.0280647 0.0449913 0.761073
4 0.189146 0.233036 0.378291 0.465533 0.752685
11 0.696396 0.57431 0.0294241 0.0443315 0.736086
11 0.538393 0.957857 0.0373713 0.047193 0.729931
3 0.754064 0.561076 0.084159 0.0633011 0.726764
11 0.672532 0.842542 0.034981 0.0423569 0.723609
11 0.814392 0.898833 0.0257949 0.046679 0.716619
2 0.953896 0.305983 0.0914761 0.475242 0.703513
11 0.804849 0.294323 0.0271214 0.0469895 0.703429
11 0.85456 0.0195602 0.0252731 0.0391204 0.694384
11 0.833695 0.133852 0.0220623 0.0399418 0.676065
11 0.813877 0.250332 0.0235004 0.0367846 0.651999
2 0.970071 0.847088 0.0598573 0.305824 0.630886
11 0.862552 0.63427 0.0236692 0.042332 0.594481
11 0.890007 0.911795 0.0404564 0.0284971 0.589332
11 0.885488 0.985687 0.0475933 0.0262518 0.584185
11 0.915474 0.789167 0.0451027 0.0283785 0.583181
11 0.883361 0.959159 0.0506498 0.028619 0.58318
11 0.723181 0.726088 0.0363218 0.0532158 0.556951
11 0.824527 0.184357 0.0227699 0.0391864 0.52483
11 0.908863 0.816567 0.0386549 0.0236391 0.458023
6 0.678055 0.526476 0.0642598 0.0963994 0.45758
11 0.890193 0.936835 0.0413298 0.0246912 0.397234
2 0.474758 0.339273 0.143929 0.145589 0.373071
