2 0.779918 0.753597 0.168051 0.172004 0.839322
2 0.680746 0.872923 0.163108 0.184671 0.834541
2 0.851684 0.638971 0.157591 0.150704 0.806884
11 0.55957 0.624288 0.0369125 0.0487671 0.801035
2 0.908356 0.537122 0.131585 0.135319 0.792024
7 0.60828 0.818874 0.0475035 0.0577896 0.754526
2 0.951778 0.427357 0.0964443 0.141106 0.657233
11 0.526212 0.960717 0.0470863 0.0373055 0.640085
2 0.979247 0.311917 0.0414055 0.12619 0.576952
11 0.488534 0.740041 0.0473129 0.0533306 0.521254
2 0.589556 0.984772 0.161711 0.0304553 0.383954
5 0.301278 0.216121 0.593888 0.432241 0.261606
