7 0.539484 0.53971 0.0621857 0.0398963 0.820791
7 0.41279 0.805449 0.0696624 0.048218 0.81932
2 0.636657 0.938833 0.236477 0.120131 0.818471
11 0.199456 0.128897 0.0277974 0.0425887 0.810981
7 0.521686 0.572203 0.0592249 0.0382079 0.805431
11 0.439647 0.736511 0.0426434 0.0363537 0.794033
7 0.489024 0.427597 0.0634149 0.0475708 0.78986
11 0.116905 0.201492 0.0475682 0.0385563 0.786243
2 0.0365491 0.0829079 0.0730982 0.155127 0.762904
11 0.0822562 0.284913 0.0451347 0.036774 0.751023
7 0.578412 0.29833 0.0414681 0.0612929 0.731285
11 0.484109 0.667153 0.0458615 0.0355792 0.730471
11 0.621659 0.185638 0.0406873 0.057962 0.713771
2 0.879202 0.570311 0.240749 0.5658 0.705938
7 0.495524 0.404286 0.0713822 0.0461333 0.70104
11 0.503684 0.372446 0.0527069 0.0394807 0.692952
11 0.318767 0.731027 0.0354275 0.0484318 0.671958
11 0.534062 0.345585 0.0555004 0.0414254 0.645834
11 0.428366 0.52343 0.046241 0.0389126 0.636859
11 0.0724404 0.308719 0.0379801 0.030661 0.595307
11 0.384095 0.620154 0.0433089 0.0380296 0.58338
11 0.0185011 0.573768 0.0281095 0.0391314 0.571263
7 0.383976 0.866124 0.0704809 0.0532898 0.564585
11 0.969152 0.012007 0.0309399 0.024014 0.5473
7 0.387934 0.851673 0.0681894 0.0448753 0.545371
7 0.380911 0.874676 0.0661147 0.0443608 0.527728
11 0.422604 0.550159 0.0382394 0.0334208 0.520385
11 0.426297 0.544847 0.0443777 0.0364095 0.446601
3 0.678785 0.582813 0.0713567 0.126758 0.42892
11 0.568839 0.593451 0.0338785 0.0275593 0.425098
7 0.364637 0.890395 0.0767567 0.0418262 0.395493
11 0.345173 0.688269 0.0325516 0.0416401 0.386571
11 0.353677 0.927328 0.0661559 0.0541237 0.371136
7 0.353988 0.928466 0.0679677 0.052747 0.351726
11 0.397784 0.59444 0.0525819 0.0407649 0.351558
7 0.445563 0.499952 0.0586544 0.0444493 0.347521
11 0.326067 0.944896 0.0353148 0.0300583 0.343841
7 0.398051 0.594758 0.0520004 0.0402703 0.284186
2 0.028824 0.307942 0.057648 0.278264 0.25113
