2 0.878048 0.292906 0.243905 0.359838 0.832532
2 0.0800526 0.717633 0.160105 0.197898 0.767142
2 0.355881 0.352123 0.310092 0.330372 0.682378
2 0.748676 0.717455 0.301719 0.313938 0.642435
11 0.87609 0.502515 0.0371563 0.0372473 0.593836
2 0.322801 0.100686 0.273143 0.201004 0.542228
2 0.188154 0.88532 0.286117 0.228584 0.513691
11 0.677168 0.992182 0.0454848 0.0156368 0.49194
11 0.419308 0.629279 0.0284975 0.0458197 0.470844
11 0.711763 0.978097 0.0299483 0.0265379 0.458625
2 0.920531 0.968539 0.158635 0.0629223 0.357638
2 0.88333 0.970214 0.233341 0.0595715 0.252423
