2 0.066865 0.412628 0.13373 0.134432 0.885016
2 0.156734 0.729605 0.12682 0.12151 0.874029
11 0.807502 0.742418 0.0504431 0.0341726 0.871408
2 0.432594 0.504465 0.303129 0.220211 0.867604
2 0.285453 0.90193 0.292951 0.195493 0.867484
2 0.562633 0.258541 0.178932 0.213175 0.862339
11 0.760838 0.728926 0.0418122 0.0325518 0.85611
11 0.0860054 0.603664 0.0458985 0.0345946 0.852361
11 0.463084 0.650725 0.0480533 0.0335354 0.85034
11 0.186806 0.575964 0.0398425 0.0304206 0.841128
11 0.372746 0.626476 0.0427085 0.0309814 0.838852
11 0.922398 0.772098 0.0442278 0.0303413 0.831986
11 0.32496 0.613152 0.0503565 0.0333854 0.82018
11 0.144893 0.566508 0.0476622 0.0330765 0.813022
11 0.415423 0.637408 0.044122 0.0334724 0.798457
11 0.398292 0.695533 0.046227 0.028476 0.791114
11 0.491948 0.7192 0.0492552 0.0353208 0.789249
2 0.853007 0.671093 0.293985 0.170775 0.786822
11 0.685848 0.282046 0.0260768 0.0490523 0.786649
11 0.0249954 0.534714 0.0461977 0.0307053 0.785617
11 0.0406107 0.592312 0.0424259 0.0322935 0.781963
2 0.836225 0.937906 0.166947 0.124189 0.777998
11 0.462458 0.979238 0.0359135 0.0368712 0.774234
11 0.0921045 0.551171 0.0384725 0.0274255 0.766307
2 0.869254 0.507945 0.261493 0.138508 0.746206
2 0.608434 0.909397 0.188134 0.181206 0.745945
11 0.625142 0.553229 0.026939 0.0468016 0.745348
11 0.653041 0.42364 0.0246539 0.0444318 0.733787
11 0.589905 0.675605 0.0409304 0.0292833 0.732594
11 0.116492 0.0416036 0.0213345 0.0391045 0.691203
11 0.877519 0.82126 0.0563614 0.0395951 0.690758
7 0.598158 0.617737 0.0410841 0.0629376 0.687119
2 0.836864 0.038212 0.205417 0.076424 0.670082
2 0.625908 0.0549817 0.174978 0.109963 0.656097
2 0.162465 0.458181 0.0921021 0.10437 0.648166
3 0.348985 0.0690336 0.0444845 0.065287 0.619789
11 0.51704 0.788049 0.0410774 0.0340904 0.589896
7 0.968277 0.121592 0.032118 0.0553573 0.573239
11 0.399858 0.296376 0.0205995 0.0342793 0.563858
11 0.676501 0.330651 0.0230938 0.0374601 0.562517
7 0.16752 0.635755 0.054994 0.038679 0.524981
2 0.722532 0.416029 0.0721644 0.0606493 0.515138
11 0.548054 0.92459 0.0229102 0.0379799 0.479695
11 0.226717 0.654272 0.05868 0.0334272 0.47963
2 0.482626 0.519587 0.202959 0.192106 0.441861
2 0.681476 0.631591 0.0586303 0.103305 0.409673
2 0.0321688 0.671511 0.0642084 0.0951454 0.394464
2 0.382317 0.0207398 0.234089 0.0414797 0.394195
7 0.987699 0.132316 0.0241313 0.0559405 0.383466
2 0.010097 0.623576 0.0199502 0.0821674 0.382872
11 0.694553 0.227557 0.0277722 0.0475945 0.347016
2 0.0270106 0.215356 0.0537612 0.337817 0.332367
2 0.232253 0.459491 0.0691534 0.131056 0.316065
11 0.430477 0.196751 0.0301218 0.0454296 0.305162
11 0.601556 0.609124 0.0324592 0.0461445 0.301902
2 0.312233 0.244604 0.0664231 0.118877 0.270863
3 0.381415 0.147659 0.0658362 0.0435926 0.250615
