2 0.722983 0.282726 0.125595 0.137249 0.896629
2 0.547591 0.687721 0.236447 0.207388 0.884303
2 0.231893 0.137221 0.127649 0.11111 0.88152
2 0.526082 0.397877 0.189155 0.252675 0.844901
2 0.688825 0.0388457 0.13783 0.077443 0.842359
2 0.826008 0.84652 0.12452 0.111618 0.832161
11 0.423571 0.315618 0.0313652 0.046003 0.791549
2 0.741266 0.943782 0.121765 0.110046 0.773508
11 0.704455 0.38809 0.0477925 0.0420565 0.700502
2 0.942834 0.614882 0.107634 0.107713 0.699546
2 0.894156 0.680327 0.119814 0.111186 0.674697
11 0.155212 0.815601 0.0426206 0.0304949 0.673106
2 0.951245 0.48065 0.097287 0.137854 0.668777
2 0.964585 0.922786 0.0708309 0.117619 0.668048
11 0.84871 0.310177 0.0503329 0.0428005 0.664096
2 0.0231391 0.959744 0.0462077 0.080513 0.651005
2 0.854285 0.743123 0.0891018 0.0885849 0.645444
2 0.852314 0.536821 0.100998 0.121404 0.635206
2 0.565742 0.96947 0.0783282 0.0610599 0.629565
2 0.145408 0.944737 0.141357 0.110527 0.601391
2 0.97718 0.83748 0.0456402 0.105081 0.562412
11 0.664448 0.404427 0.0407364 0.0380705 0.549726
2 0.646962 0.830155 0.0842247 0.111627 0.53595
6 0.352132 0.357684 0.0616764 0.109801 0.518778
2 0.0210472 0.0741744 0.0419574 0.118276 0.502846
11 0.0775274 0.832322 0.0475089 0.0296027 0.491271
2 0.307139 0.780556 0.161357 0.176606 0.478245
2 0.953521 0.980299 0.0915108 0.0394012 0.471646
11 0.443644 0.268364 0.0304186 0.0436236 0.450837
11 0.0347083 0.846349 0.0497105 0.0314617 0.399983
2 0.245255 0.0531614 0.170825 0.106323 0.392816
7 0.367698 0.240907 0.0453199 0.0767776 0.37361
2 0.800613 0.154598 0.128017 0.122615 0.372074
2 0.703315 0.573831 0.0867924 0.126253 0.36158
2 0.270454 0.0518991 0.1187 0.103761 0.356982
2 0.687386 0.721683 0.0995331 0.128056 0.341435
2 0.260501 0.911732 0.166884 0.170768 0.337786
11 0.173656 0.781402 0.0430281 0.028017 0.33006
2 0.620779 0.166675 0.138518 0.141239 0.329001
2 0.937532 0.155248 0.066767 0.0914215 0.314687
2 0.469125 0.0645347 0.093313 0.0863366 0.302314
2 0.883806 0.0136839 0.100441 0.0272637 0.261316
