2 0.921452 0.739635 0.12295 0.109979 0.914272
3 0.564621 0.901234 0.0778154 0.0787625 0.907686
2 0.542371 0.610206 0.223367 0.232351 0.888148
2 0.720761 0.127531 0.147871 0.145267 0.858326
2 0.812096 0.771748 0.110403 0.111017 0.85655
2 0.447179 0.421947 0.331801 0.294716 0.856413
3 0.267972 0.48581 0.068416 0.0637023 0.829179
2 0.352923 0.910865 0.310319 0.176899 0.82891
11 0.499775 0.791434 0.0397104 0.0468773 0.81717
2 0.919719 0.245814 0.141391 0.134123 0.816527
2 0.931198 0.360849 0.122971 0.10874 0.796626
3 0.660767 0.932055 0.0670499 0.102619 0.760994
3 0.818691 0.0165767 0.0702371 0.0331533 0.731498
11 0.491317 0.834175 0.0314308 0.0399058 0.712245
11 0.974172 0.15488 0.0377964 0.0455612 0.694622
3 0.715345 0.0236468 0.0626071 0.0472561 0.69025
3 0.611076 0.987135 0.0951509 0.0257303 0.678156
11 0.807332 0.906717 0.0470408 0.0271559 0.67779
11 0.882541 0.0352743 0.0370897 0.0447264 0.662148
11 0.621893 0.106711 0.0403564 0.0365382 0.65884
2 0.646209 0.232899 0.118957 0.134394 0.639102
11 0.722668 0.899814 0.047189 0.0314281 0.639059
3 0.974111 0.891554 0.0516073 0.0571863 0.637877
11 0.237792 0.380722 0.0242062 0.0466112 0.628165
11 0.507175 0.193113 0.0405291 0.0382966 0.606467
2 0.0813878 0.766499 0.162061 0.346884 0.522379
2 0.839781 0.97004 0.200538 0.0597648 0.501519
11 0.361651 0.299033 0.0381725 0.0360895 0.486798
11 0.938458 0.107825 0.0392288 0.0489368 0.476445
11 0.897671 0.886484 0.0414303 0.0274958 0.467102
11 0.45676 0.231271 0.0354097 0.0276807 0.461302
2 0.197059 0.61575 0.261943 0.261223 0.448321
3 0.282399 0.324739 0.056373 0.0715143 0.431106
11 0.856406 0.893019 0.0420612 0.0237789 0.253839
11 0.438787 0.760341 0.0383719 0.0442606 0.252087
