2 0.253574 0.31413 0.106344 0.123475 0.923916
11 0.587106 0.562336 0.0509474 0.0369905 0.822835
11 0.754479 0.432423 0.0453449 0.0435376 0.815223
2 0.407161 0.47673 0.109208 0.117654 0.775011
11 0.803407 0.398094 0.0439647 0.0389469 0.768278
11 0.855727 0.35823 0.0432872 0.0434741 0.768063
2 0.839275 0.0714754 0.30942 0.142951 0.764069
2 0.831369 0.276474 0.10942 0.118622 0.750897
2 0.387657 0.950916 0.131068 0.0981674 0.746187
2 0.191761 0.897037 0.085086 0.129782 0.728354
2 0.315267 0.0526021 0.137819 0.103585 0.699257
2 0.698914 0.355315 0.112587 0.131135 0.692943
7 0.0684066 0.846766 0.0711372 0.0443936 0.686081
11 0.891002 0.327423 0.0393658 0.0385899 0.683121
2 0.111023 0.940986 0.107674 0.116474 0.660009
11 0.669743 0.485458 0.0408788 0.0357132 0.635874
3 0.266863 0.821536 0.0966733 0.0525925 0.632712
11 0.888999 0.447489 0.0393757 0.0365877 0.595723
2 0.209211 0.201074 0.0856259 0.0976051 0.562492
11 0.403832 0.634849 0.0513146 0.0407637 0.557905
2 0.331634 0.516118 0.121779 0.170875 0.5341
2 0.39809 0.17027 0.095255 0.106796 0.512151
2 0.791703 0.854447 0.415434 0.288087 0.496166
2 0.507666 0.781326 0.146371 0.143269 0.483448
2 0.503168 0.486701 0.0992361 0.100447 0.482957
11 0.688511 0.632458 0.0463625 0.0395691 0.482131
2 0.428522 0.317093 0.102738 0.0898419 0.468318
2 0.727441 0.134778 0.107013 0.0933503 0.462985
2 0.401544 0.783338 0.0984789 0.0891915 0.45596
2 0.375642 0.171021 0.138092 0.108193 0.386638
7 0.710638 0.460154 0.0504526 0.0420815 0.367929
11 0.711128 0.459965 0.0494491 0.0421047 0.333989
7 0.502099 0.633432 0.0725195 0.0533255 0.290974
2 0.172154 0.0308559 0.116396 0.0617118 0.283902
2 0.473587 0.279949 0.177615 0.133363 0.282486
2 0.458667 0.146986 0.0939928 0.104715 0.280418
