2 0.672999 0.160066 0.2947 0.198458 0.881463
11 0.0537415 0.0840729 0.0463594 0.034546 0.817729
11 0.19482 0.0576758 0.0420387 0.033615 0.797692
11 0.362303 0.126057 0.0503718 0.0386289 0.748267
11 0.412347 0.144358 0.0470512 0.0331349 0.732646
2 0.8954 0.250361 0.20853 0.285183 0.70324
2 0.912317 0.805815 0.175109 0.314406 0.699894
2 0.420155 0.0758653 0.285125 0.151731 0.686945
11 0.602565 0.303081 0.0401615 0.0344424 0.652392
11 0.520433 0.188577 0.0390073 0.0346612 0.649577
2 0.383582 0.503907 0.625662 0.385951 0.640434
2 0.820149 0.0482011 0.237767 0.0961193 0.557344
2 0.179844 0.423205 0.212519 0.225311 0.477765
11 0.847035 0.323988 0.0515324 0.0361899 0.424197
7 0.846048 0.324027 0.0520748 0.0361726 0.363244
11 0.106032 0.10736 0.0382474 0.0288274 0.355096
2 0.0808327 0.949894 0.148465 0.100212 0.319211
2 0.743818 0.583644 0.151411 0.158915 0.31557
2 0.0459359 0.365447 0.0918717 0.143895 0.297571
