11 0.409862 0.178014 0.044372 0.0348148 0.825335
7 0.739983 0.18775 0.0705416 0.0380087 0.805877
3 0.577827 0.19049 0.0585056 0.0953921 0.799661
11 0.292579 0.146451 0.045242 0.0344226 0.763067
11 0.188403 0.0384499 0.0467722 0.0314122 0.758792
7 0.349894 0.162728 0.0630709 0.0388768 0.753894
11 0.243083 0.137043 0.0406512 0.0292572 0.73858
11 0.851417 0.211416 0.0390557 0.0281783 0.729932
11 0.932749 0.230828 0.0461002 0.0309453 0.725307
2 0.810201 0.127914 0.379598 0.252406 0.682352
11 0.0586584 0.0114819 0.0467789 0.0229639 0.677623
3 0.676439 0.22203 0.0623074 0.126028 0.655087
3 0.0380482 0.0989702 0.0760964 0.0870761 0.585038
11 0.889434 0.219368 0.038299 0.0274667 0.561606
11 0.140567 0.110767 0.0570581 0.0344848 0.467348
11 0.00525838 0.274282 0.0105168 0.043087 0.458991
3 0.679481 0.209244 0.0546124 0.0987088 0.455234
11 0.975318 0.321684 0.0382368 0.029954 0.373641
11 0.0994846 0.0138619 0.0387793 0.0263311 0.348248
11 0.137824 0.0264022 0.0447389 0.0297421 0.336641
11 0.978073 0.241458 0.0428013 0.0319738 0.334112
2 0.319948 0.0693623 0.580705 0.138725 0.33278
