2 0.197465 0.269954 0.388558 0.352086 0.903757
2 0.915574 0.86456 0.168852 0.247916 0.837057
11 0.121735 0.542612 0.0406565 0.0439326 0.823705
11 0.393217 0.741977 0.0390278 0.0450767 0.817167
11 0.32009 0.738494 0.0368527 0.0443848 0.80408
11 0.452763 0.804674 0.0355081 0.0373532 0.782314
11 0.562549 0.915482 0.0403679 0.042358 0.752172
2 0.582191 0.733893 0.498623 0.484869 0.683991
11 0.596859 0.951616 0.0417414 0.0432816 0.667212
3 0.185391 0.588938 0.07679 0.0813976 0.666439
11 0.424826 0.775397 0.0354485 0.036863 0.655047
2 0.10837 0.819972 0.216626 0.349724 0.649317
2 0.723785 0.850273 0.212274 0.253932 0.432067
2 0.0511179 0.0880108 0.102236 0.176022 0.427801
11 0.0533033 0.374513 0.0450709 0.0459048 0.39679
