2 0.746322 0.69794 0.220161 0.201376 0.952259
2 0.909039 0.919038 0.181921 0.161736 0.892844
11 0.37756 0.672052 0.0409124 0.0424606 0.861518
2 0.701549 0.530701 0.112875 0.115306 0.853824
2 0.466395 0.901424 0.194786 0.197153 0.853312
11 0.665109 0.902703 0.0388395 0.0411397 0.852321
3 0.0825513 0.401766 0.0655303 0.0805265 0.850657
11 0.506873 0.754471 0.0412035 0.0416977 0.842681
11 0.437662 0.689636 0.0406995 0.0428024 0.83039
11 0.584691 0.827148 0.0414446 0.042617 0.812485
3 0.628921 0.958212 0.108001 0.083576 0.811414
2 0.553662 0.690483 0.123931 0.122551 0.785339
11 0.762839 0.986491 0.0380493 0.0267214 0.781764
2 0.298475 0.716344 0.108652 0.100917 0.779291
3 0.170794 0.487751 0.0690877 0.082678 0.768452
11 0.62718 0.866539 0.0427473 0.0448395 0.761172
11 0.50058 0.0337464 0.0404325 0.0415883 0.719498
3 0.169422 0.387743 0.0657712 0.0732102 0.709835
2 0.40697 0.351705 0.416277 0.559086 0.687609
2 0.287069 0.860345 0.116741 0.108988 0.680381
11 0.242534 0.506389 0.0393191 0.037542 0.678664
11 0.37697 0.176882 0.0340685 0.0360207 0.642202
2 0.139984 0.806502 0.150964 0.148942 0.637991
2 0.179119 0.178566 0.172449 0.156948 0.630175
2 0.966627 0.611474 0.0667457 0.145464 0.624281
2 0.0595527 0.907155 0.118178 0.11632 0.620173
2 0.805397 0.35871 0.0977706 0.108694 0.540931
2 0.05627 0.620539 0.10966 0.113563 0.513572
2 0.235473 0.0778525 0.0922519 0.0897616 0.508778
2 0.113556 0.557149 0.104138 0.0913497 0.49046
2 0.109832 0.0154215 0.131182 0.0308242 0.489906
11 0.566879 0.979879 0.0385052 0.0397263 0.486858
2 0.10694 0.320381 0.135975 0.111332 0.478457
2 0.34399 0.0379745 0.191229 0.0758991 0.436138
2 0.0906911 0.306145 0.167925 0.139758 0.412667
2 0.505315 0.567595 0.095207 0.0971771 0.393585
2 0.743396 0.316013 0.107416 0.125614 0.374572
2 0.148538 0.988731 0.11168 0.0225376 0.352116
2 0.654787 0.037967 0.138365 0.0756062 0.322515
2 0.036224 0.0649731 0.0724481 0.129842 0.321183
2 0.599632 0.0747235 0.106005 0.139017 0.317248
2 0.0243361 0.223333 0.0485821 0.117287 0.308426
11 0.446465 0.0957958 0.0305606 0.0315848 0.297805
11 0.349268 0.603079 0.0405389 0.0403812 0.296278
2 0.0197984 0.685189 0.0395969 0.15515 0.271555
2 0.853839 0.0752298 0.15321 0.150028 0.270914
