2 0.735329 0.812176 0.470059 0.254541 0.915499
2 0.804538 0.231558 0.390923 0.405963 0.787733
2 0.405301 0.791688 0.257057 0.416625 0.651936
2 0.448488 0.492811 0.26412 0.192262 0.601058
2 0.505433 0.0717759 0.304882 0.143552 0.592523
2 0.492682 0.215377 0.269733 0.151184 0.416039
2 0.457579 0.346711 0.241558 0.154341 0.413467
2 0.435728 0.210927 0.155852 0.142463 0.38703
2 0.40249 0.338239 0.140449 0.132904 0.323639
2 0.852598 0.980986 0.275357 0.0380157 0.269837
2 0.961722 0.506555 0.0765558 0.101174 0.26513
