2 0.739873 0.889553 0.514448 0.201835 0.909481
11 0.632105 0.526583 0.0408044 0.0266788 0.894109
11 0.587408 0.5278 0.0455602 0.0274283 0.85898
11 0.333909 0.545052 0.0521079 0.0307417 0.852113
11 0.123696 0.562778 0.0410209 0.0238514 0.828541
11 0.165344 0.558832 0.0404265 0.0274545 0.820855
11 0.50074 0.239528 0.0225683 0.0385903 0.820716
2 0.63007 0.471142 0.165227 0.0756453 0.810305
3 0.360033 0.835902 0.0743638 0.045166 0.807047
2 0.915513 0.0517588 0.168643 0.103236 0.805006
11 0.196812 0.615805 0.0446266 0.0301182 0.803369
11 0.497208 0.535206 0.0435694 0.0277621 0.803284
11 0.250789 0.554162 0.0376048 0.0259807 0.798375
11 0.507076 0.596278 0.043129 0.0298793 0.778176
11 0.729586 0.579676 0.0431824 0.0291977 0.777343
11 0.693061 0.516483 0.0471243 0.0283986 0.764645
11 0.410819 0.601175 0.0452476 0.0264928 0.762782
11 0.0192449 0.602733 0.0384897 0.028002 0.74419
11 0.912328 0.536937 0.0265846 0.0507893 0.740377
11 0.208507 0.557129 0.0439065 0.027038 0.733986
11 0.456517 0.598402 0.0489235 0.0304553 0.721746
11 0.0462406 0.56909 0.0432562 0.0277834 0.718715
11 0.494307 0.198479 0.0210426 0.0367946 0.715725
2 0.056459 0.472977 0.106522 0.150601 0.711429
2 0.2827 0.493492 0.195002 0.0819598 0.69974
11 0.453791 0.53969 0.0474283 0.0257002 0.69173
7 0.137719 0.618432 0.0627444 0.0354935 0.677696
2 0.411332 0.322517 0.121989 0.404726 0.674352
11 0.51781 0.177498 0.0214387 0.0454552 0.664193
2 0.543751 0.0340307 0.15366 0.0676907 0.654539
11 0.358354 0.607114 0.0435299 0.0268105 0.639965
11 0.567436 0.322335 0.0379627 0.0275969 0.631565
11 0.0121276 0.574196 0.024121 0.027821 0.631197
11 0.50379 0.283066 0.0215654 0.0386936 0.629822
11 0.513211 0.365044 0.0256269 0.0410992 0.61642
11 0.533036 0.291568 0.021571 0.0370843 0.614544
11 0.458808 0.153619 0.0277636 0.0447012 0.58775
3 0.456653 0.721227 0.0496213 0.0795744 0.566249
11 0.482233 0.31082 0.025132 0.0438507 0.553013
2 0.225943 0.397717 0.0980925 0.146884 0.536503
2 0.6547 0.197897 0.0698906 0.175153 0.53577
11 0.772013 0.575291 0.0390491 0.0263389 0.513505
3 0.357452 0.968399 0.0645495 0.0258669 0.47294
13 0.258503 0.227957 0.19299 0.215541 0.462108
2 0.301297 0.0344891 0.210111 0.0687239 0.445402
11 0.47085 0.198315 0.0224994 0.0389516 0.42914
11 0.610625 0.669177 0.0591617 0.0316835 0.415998
7 0.502445 0.461099 0.025848 0.0447051 0.406901
7 0.121551 0.951343 0.0582469 0.0300731 0.397531
11 0.0287192 0.632657 0.0512728 0.0288998 0.385955
11 0.0841677 0.625747 0.0425942 0.0295524 0.349982
11 0.121788 0.951439 0.0582714 0.0297369 0.340027
7 0.487741 0.15185 0.0280942 0.0467204 0.262436
2 0.261468 0.226547 0.19194 0.215552 0.260616
7 0.61065 0.669488 0.058132 0.0316942 0.25957
11 0.703341 0.666444 0.0445724 0.0233868 0.259275
