2 0.298513 0.572606 0.143019 0.152695 0.930361
2 0.55983 0.635881 0.0981267 0.112472 0.884252
2 0.362046 0.919544 0.114042 0.117682 0.875463
7 0.0468237 0.663606 0.0429367 0.0621149 0.835402
2 0.896786 0.919494 0.206313 0.160409 0.828039
11 0.37554 0.769984 0.0476522 0.0280472 0.824083
2 0.17092 0.94909 0.104749 0.101819 0.820139
2 0.463221 0.665906 0.130005 0.115257 0.810226
2 0.477621 0.252551 0.240623 0.197707 0.802828
2 0.670863 0.668732 0.0830389 0.0901782 0.777158
11 0.163424 0.76098 0.0292525 0.0438583 0.775159
11 0.776943 0.688078 0.039217 0.0277043 0.762959
11 0.86886 0.656273 0.0464569 0.0332138 0.745938
11 0.951168 0.159093 0.0349224 0.0462622 0.730769
2 0.847472 0.507991 0.112885 0.0992573 0.652497
11 0.0992966 0.694337 0.0334538 0.0505499 0.63848
2 0.856763 0.296769 0.0808018 0.0865261 0.634839
2 0.537798 0.506006 0.0813228 0.0904131 0.620802
2 0.096275 0.550462 0.153248 0.154979 0.58079
2 0.689139 0.330618 0.0936594 0.112925 0.579949
2 0.0671776 0.362189 0.134355 0.266503 0.578579
11 0.980713 0.0149106 0.0385748 0.0296896 0.571109
2 0.588881 0.112325 0.156723 0.195281 0.561163
2 0.316916 0.114716 0.311323 0.228868 0.552613
11 0.437631 0.870055 0.0439584 0.027376 0.550507
11 0.551379 0.960151 0.0367806 0.0562447 0.550117
7 0.825205 0.674375 0.0525463 0.0369649 0.546293
11 0.880757 0.780285 0.0317325 0.0453452 0.541071
11 0.443111 0.895745 0.0470104 0.0312134 0.530572
11 0.825122 0.673958 0.0517536 0.0368912 0.509978
11 0.448598 0.920078 0.045443 0.0285858 0.500503
11 0.00760068 0.803821 0.0152014 0.0234753 0.495862
11 0.17364 0.722758 0.0504038 0.0306702 0.484648
11 0.977385 0.150771 0.0339932 0.0468361 0.456355
11 0.454023 0.942551 0.042412 0.0258881 0.454567
11 0.523236 0.866963 0.0290367 0.0439554 0.434709
2 0.940231 0.449045 0.119538 0.12744 0.431564
2 0.974086 0.444179 0.0518246 0.126191 0.429119
11 0.974156 0.539739 0.0343669 0.043681 0.412811
2 0.977175 0.826284 0.0454346 0.0819171 0.395407
11 0.233165 0.793304 0.0486355 0.0273832 0.387765
11 0.987918 0.04589 0.0236446 0.0391847 0.373916
11 0.989585 0.0538173 0.0206642 0.0361469 0.357978
7 0.550993 0.959478 0.0367626 0.057568 0.342636
2 0.926887 0.455825 0.094121 0.10979 0.326256
11 0.439314 0.873988 0.045671 0.0244259 0.302707
11 0.450563 0.926993 0.0434958 0.0180485 0.29091
11 0.00825952 0.537606 0.0164482 0.0425023 0.28624
11 0.458737 0.963446 0.0451494 0.0258652 0.280013
2 0.509072 0.425283 0.0758904 0.101848 0.278385
11 0.451472 0.936331 0.0432516 0.0215203 0.271678
11 0.993655 0.0809718 0.0125795 0.0337148 0.264126
2 0.985774 0.330083 0.0284512 0.0903787 0.250607
