2 0.850834 0.40661 0.200076 0.221916 0.90613
2 0.66707 0.73883 0.569694 0.52234 0.855121
11 0.177752 0.323569 0.0443184 0.0284951 0.849462
2 0.560425 0.0927918 0.324281 0.185562 0.841386
11 0.296549 0.386698 0.0433687 0.0263302 0.809727
11 0.341354 0.335172 0.0444545 0.0287954 0.799533
2 0.160135 0.955712 0.292107 0.0885754 0.732841
11 0.863689 0.944231 0.0311527 0.0503605 0.724788
11 0.969676 0.585388 0.0292172 0.0444448 0.69846
11 0.449086 0.432445 0.0404392 0.0261452 0.690651
11 0.442932 0.359613 0.0452927 0.0297371 0.688803
11 0.959033 0.630427 0.0249786 0.0416536 0.666718
2 0.0491572 0.408374 0.0980798 0.278797 0.63545
11 0.367299 0.964652 0.0445279 0.0400722 0.559016
11 0.945445 0.677349 0.0291271 0.0423395 0.55118
11 0.0399814 0.753484 0.029709 0.0386705 0.476292
11 0.344125 0.435513 0.040721 0.0260692 0.438838
11 0.294906 0.465668 0.0431533 0.0230091 0.436125
2 0.0200528 0.0713771 0.0401055 0.142702 0.34593
11 0.439073 0.333102 0.0367206 0.0243077 0.308601
11 0.343799 0.409507 0.0427125 0.0268246 0.277195
2 0.894973 0.0139751 0.209554 0.0279229 0.2684
11 0.198036 0.450767 0.0325127 0.0271581 0.2577
11 0.340809 0.362438 0.0465521 0.0237023 0.257504
