2 0.481738 0.587347 0.121967 0.115006 0.839414
11 0.616607 0.651327 0.0425673 0.0322242 0.830345
11 0.44183 0.758233 0.046096 0.0357067 0.828495
11 0.928241 0.558037 0.0489082 0.0383034 0.82372
2 0.336671 0.0747348 0.263734 0.14947 0.815044
11 0.88598 0.622867 0.0506298 0.0387026 0.813474
11 0.0666086 0.841787 0.0397714 0.0325579 0.8107
7 0.323755 0.933246 0.0269063 0.0542431 0.805585
11 0.834114 0.637287 0.0466583 0.0385546 0.803306
7 0.952578 0.604244 0.0644941 0.0419897 0.801082
11 0.844435 0.580114 0.0459675 0.0337273 0.800594
11 0.790141 0.651027 0.0399329 0.0347942 0.784303
2 0.884487 0.877672 0.230219 0.244128 0.783918
7 0.817245 0.798377 0.0571794 0.0342223 0.781332
2 0.590957 0.558002 0.107389 0.107511 0.779085
11 0.614644 0.875546 0.0276136 0.0437354 0.778047
11 0.294157 0.940139 0.0219231 0.0417153 0.776736
11 0.475056 0.81263 0.0272412 0.0445092 0.767238
11 0.118488 0.805802 0.0406485 0.0345963 0.755385
11 0.860131 0.781948 0.023786 0.0436312 0.732112
11 0.325094 0.795724 0.0431051 0.0327413 0.729106
11 0.735333 0.732302 0.029163 0.0401659 0.726213
2 0.823177 0.140367 0.227461 0.201222 0.725711
2 0.482802 0.946848 0.524158 0.10544 0.719349
11 0.900796 0.669443 0.0278608 0.044523 0.705077
11 0.644037 0.869121 0.0278806 0.0433914 0.704203
11 0.233594 0.886593 0.0327185 0.0351997 0.698724
11 0.429146 0.828073 0.0298086 0.0435535 0.698128
11 0.4174 0.912153 0.0205975 0.0418133 0.696583
11 0.379137 0.837612 0.0280098 0.0398933 0.694596
11 0.5888 0.774971 0.0265915 0.0400596 0.678763
11 0.267934 0.874126 0.0233761 0.0387794 0.673643
11 0.781174 0.708306 0.0285183 0.0463897 0.638954
11 0.886716 0.568176 0.032522 0.0318591 0.638772
2 0.0718592 0.239576 0.143718 0.194863 0.622002
7 0.638223 0.764033 0.0313801 0.0538323 0.618515
11 0.709844 0.740421 0.0234516 0.041796 0.614802
11 0.543615 0.793367 0.0284922 0.043493 0.604696
2 0.140026 0.555689 0.273611 0.496788 0.598758
2 0.300743 0.612092 0.114676 0.154675 0.587505
11 0.186231 0.94142 0.0301789 0.0444982 0.571618
11 0.0590746 0.878283 0.0446269 0.0307583 0.564293
11 0.913103 0.769454 0.0283729 0.0471787 0.55263
2 0.501776 0.480989 0.103026 0.0913225 0.54765
11 0.741877 0.666615 0.0403339 0.0312742 0.543777
11 0.969641 0.650936 0.0298882 0.0505395 0.531281
2 0.886523 0.500546 0.138722 0.131916 0.509187
11 0.805424 0.701903 0.0287312 0.0514424 0.496548
11 0.923799 0.663566 0.0279692 0.0447235 0.472984
2 0.779366 0.529037 0.108898 0.115491 0.459483
11 0.825084 0.695466 0.0297004 0.0538698 0.455014
2 0.0363114 0.0452335 0.0725046 0.0904671 0.396047
2 0.726324 0.357261 0.166744 0.233734 0.394896
11 0.662172 0.755524 0.0246615 0.0446469 0.375546
11 0.68622 0.743007 0.0284487 0.0488678 0.343295
11 0.611542 0.768536 0.0283074 0.0446887 0.339895
11 0.403117 0.831483 0.0273468 0.0419676 0.298707
7 0.685597 0.743672 0.0300081 0.0456547 0.29388
2 0.977228 0.493993 0.0449249 0.0661967 0.292936
11 0.517619 0.801301 0.0296559 0.0480866 0.290196
11 0.354684 0.845263 0.028265 0.0352303 0.29013
11 0.793812 0.704294 0.0300765 0.0519473 0.265025
