2 0.67634 0.118778 0.564731 0.237557 0.872455
3 0.240935 0.383933 0.0473963 0.159397 0.851526
3 0.327023 0.537642 0.0758107 0.0544407 0.815971
2 0.727729 0.375092 0.456428 0.21932 0.804901
11 0.732136 0.247945 0.0430317 0.0312654 0.792067
11 0.322865 0.2038 0.0231581 0.0471778 0.786748
11 0.374484 0.295171 0.0265442 0.0494703 0.781902
3 0.481501 0.30213 0.0617296 0.10894 0.706319
2 0.464969 0.801896 0.216462 0.394752 0.692975
2 0.947641 0.250496 0.104719 0.144384 0.598327
7 0.0108519 0.505501 0.0216167 0.039888 0.547986
2 0.82431 0.798568 0.35138 0.365064 0.543689
11 0.327255 0.783338 0.0231722 0.0446406 0.511599
11 0.683498 0.263588 0.0502623 0.03022 0.443017
2 0.482207 0.504604 0.210471 0.218629 0.352164
2 0.893541 0.480961 0.171324 0.137358 0.346164
11 0.564697 0.244576 0.0402971 0.0279034 0.287443
2 0.472736 0.691624 0.215207 0.607394 0.256659
