2 0.92667 0.921246 0.146659 0.155918 0.886011
2 0.0695735 0.820182 0.124842 0.11701 0.867206
12 0.557327 0.587751 0.0925508 0.0821202 0.865274
3 0.601832 0.959471 0.0750339 0.0810585 0.837938
3 0.681435 0.939105 0.0840673 0.0804667 0.835967
2 0.555705 0.314099 0.126942 0.108267 0.826213
2 0.735086 0.524945 0.153284 0.149276 0.798391
2 0.937036 0.193029 0.125927 0.164941 0.755692
2 0.707499 0.310508 0.156368 0.192436 0.737109
2 0.172322 0.916391 0.134362 0.139316 0.724597
2 0.28588 0.43935 0.137644 0.128181 0.648556
2 0.3662 0.614633 0.168455 0.192265 0.642879
2 0.140422 0.263437 0.268792 0.207429 0.613847
2 0.615122 0.754593 0.16311 0.189244 0.508956
2 0.975899 0.790896 0.0479653 0.165031 0.508819
2 0.0122546 0.68889 0.0244531 0.0987124 0.427567
2 0.0799665 0.0759835 0.139388 0.0820674 0.423093
2 0.484484 0.717387 0.146188 0.152175 0.413663
2 0.0937473 0.286684 0.182439 0.167368 0.309932
2 0.270771 0.953629 0.132097 0.0927414 0.286188
