2 0.14522 0.857157 0.136525 0.122995 0.948294
2 0.798463 0.719343 0.149369 0.147189 0.939501
2 0.401991 0.68609 0.133279 0.105694 0.911549
2 0.53209 0.712725 0.13168 0.122449 0.90638
2 0.875829 0.508876 0.188817 0.123009 0.903982
11 0.93078 0.622623 0.0399788 0.0287606 0.834616
2 0.408309 0.91963 0.12066 0.133102 0.799838
2 0.644323 0.984616 0.0951881 0.0307678 0.79584
2 0.963042 0.853322 0.0739163 0.0647026 0.7885
2 0.601384 0.228165 0.0827966 0.0814369 0.773052
2 0.948301 0.393613 0.103398 0.126337 0.765341
2 0.811042 0.939659 0.127578 0.119857 0.764328
2 0.512815 0.196369 0.0884772 0.126733 0.75678
11 0.83634 0.588695 0.047769 0.0293032 0.70105
2 0.876024 0.0234946 0.0776184 0.0469892 0.679043
2 0.968216 0.677725 0.0635692 0.0563061 0.644357
2 0.540078 0.976451 0.104008 0.0470978 0.633457
2 0.791287 0.0469635 0.0950579 0.0934865 0.631544
2 0.490691 0.0729089 0.0505774 0.110169 0.616857
2 0.906994 0.114955 0.0554496 0.056774 0.609512
2 0.964911 0.790817 0.070179 0.059509 0.609481
2 0.965952 0.73275 0.0680955 0.0627178 0.594472
2 0.7059 0.028236 0.106176 0.056472 0.557213
11 0.847748 0.23686 0.0578384 0.0295061 0.509021
2 0.721216 0.925207 0.0715607 0.122673 0.49803
2 0.97096 0.984918 0.0580806 0.0298498 0.489576
11 0.517676 0.851153 0.0231638 0.0498905 0.486302
12 0.785964 0.384673 0.0445569 0.0449402 0.388936
2 0.219341 0.588013 0.19612 0.19706 0.385402
2 0.953619 0.928203 0.0927593 0.0576279 0.267169
