2 0.652246 0.789 0.232996 0.203524 0.894309
2 0.685801 0.587334 0.120301 0.117526 0.875365
11 0.617643 0.497746 0.0373066 0.0353435 0.86655
2 0.893315 0.393456 0.178935 0.167217 0.857914
2 0.366648 0.142732 0.14871 0.16766 0.843198
2 0.177137 0.378196 0.132709 0.119503 0.840788
11 0.101583 0.927527 0.0364638 0.0357006 0.833278
11 0.426741 0.594539 0.0490714 0.0474533 0.815785
2 0.82989 0.652751 0.166183 0.153962 0.785459
2 0.0973578 0.677294 0.194716 0.285223 0.767863
2 0.542943 0.68882 0.139457 0.138873 0.762909
11 0.352401 0.722058 0.0387334 0.0341995 0.762005
2 0.550954 0.398208 0.134977 0.104065 0.73748
11 0.676814 0.980253 0.0428821 0.0386357 0.728733
11 0.756095 0.980449 0.0412179 0.0384855 0.727287
11 0.89725 0.2628 0.0388443 0.0359661 0.714609
2 0.123859 0.98193 0.12505 0.0361399 0.709263
2 0.688836 0.124428 0.328424 0.248562 0.683099
11 0.331564 0.465937 0.0354375 0.039147 0.681736
2 0.78032 0.470332 0.110036 0.103697 0.67104
11 0.183883 0.499036 0.0438775 0.0468763 0.669916
2 0.318657 0.24089 0.137599 0.123339 0.666726
2 0.41032 0.773666 0.123358 0.127298 0.656229
11 0.301681 0.762881 0.0452365 0.0395535 0.6179
7 0.218693 0.831979 0.0489254 0.0452337 0.604133
2 0.935058 0.0768234 0.129884 0.15333 0.600827
11 0.374786 0.633797 0.0419626 0.0393036 0.58598
2 0.653678 0.322437 0.136794 0.128245 0.585409
11 0.992404 0.716756 0.0149603 0.0286387 0.553143
11 0.840114 0.847538 0.0441063 0.0392103 0.529876
2 0.941959 0.881541 0.116082 0.207993 0.528207
11 0.204906 0.466281 0.0336254 0.035892 0.503479
2 0.262208 0.595576 0.191309 0.214696 0.484749
2 0.961566 0.309474 0.0768673 0.102334 0.465175
11 0.515166 0.51476 0.0376339 0.0355696 0.438928
11 0.264382 0.0551519 0.046086 0.0424483 0.432177
2 0.823476 0.158195 0.135925 0.131681 0.418166
2 0.967537 0.568971 0.0649267 0.1304 0.414627
11 0.658126 0.395791 0.0376678 0.0376656 0.394057
11 0.498645 0.598249 0.0410611 0.0367399 0.386737
2 0.389178 0.516836 0.0907511 0.0932757 0.382964
2 0.324953 0.834566 0.134357 0.135192 0.367484
7 0.300789 0.762933 0.044914 0.0401457 0.358369
11 0.955556 0.816126 0.0413151 0.0412746 0.3528
11 0.64394 0.992678 0.0332657 0.0146437 0.341924
11 0.458681 0.629316 0.0387705 0.0333087 0.323979
2 0.28494 0.86688 0.212131 0.199819 0.323889
2 0.465989 0.48796 0.0938782 0.104687 0.322494
2 0.979565 0.22856 0.040699 0.120696 0.316606
11 0.0173949 0.935321 0.0347899 0.0428533 0.304054
2 0.32757 0.571846 0.105648 0.107916 0.280872
2 0.527155 0.902372 0.118445 0.113861 0.265391
