2 0.642361 0.140925 0.212202 0.241181 0.921854
2 0.164509 0.290207 0.169036 0.142899 0.906009
2 0.119322 0.63475 0.154947 0.145565 0.889793
2 0.898748 0.414928 0.202503 0.316923 0.879982
2 0.075061 0.0475105 0.149911 0.095021 0.865974
2 0.0584201 0.803867 0.115945 0.195886 0.840008
2 0.270154 0.0497843 0.140611 0.0995685 0.831089
2 0.513879 0.554258 0.297608 0.399226 0.806002
2 0.146831 0.503927 0.117387 0.101429 0.796862
3 0.216048 0.940063 0.0864963 0.0599858 0.761903
2 0.508117 0.916462 0.172539 0.167077 0.758967
2 0.672331 0.91808 0.196303 0.16357 0.712164
11 0.506301 0.0166853 0.0237445 0.0333487 0.69327
11 0.0151016 0.21623 0.0207027 0.0373086 0.67817
2 0.873915 0.923158 0.244759 0.153685 0.677969
2 0.770912 0.0426097 0.212419 0.0849426 0.669782
11 0.0664863 0.221792 0.0217018 0.0364221 0.660005
2 0.0587339 0.951636 0.116727 0.0964451 0.648326
2 0.240943 0.151472 0.130881 0.117673 0.647018
11 0.49237 0.0609114 0.0290172 0.0542429 0.569919
11 0.349576 0.608629 0.0286932 0.0384038 0.537819
11 0.333465 0.653972 0.0216683 0.04333 0.454231
11 0.362375 0.562828 0.0214226 0.0329151 0.408716
2 0.0698501 0.969545 0.0941628 0.0609092 0.366675
2 0.595083 0.915722 0.345692 0.168021 0.299557
2 0.471201 0.634664 0.214827 0.242005 0.293562
2 0.245517 0.131354 0.125545 0.0774887 0.288939
