10 0.23367 0.83387 0.0837529 0.323502 0.944662
11 0.630747 0.466404 0.0491413 0.0353407 0.873947
10 0.280299 0.381611 0.077707 0.37091 0.838608
10 0.330243 0.146386 0.0710011 0.0445472 0.821578
10 0.316003 0.0314913 0.061103 0.0628897 0.787121
11 0.614001 0.826146 0.0236581 0.0474674 0.714434
11 0.796023 0.234421 0.043931 0.0364647 0.697997
11 0.836809 0.325853 0.043924 0.032485 0.650219
11 0.677469 0.53571 0.029379 0.0524969 0.64933
2 0.896157 0.950801 0.205345 0.0981357 0.584244
2 0.962648 0.258072 0.0747042 0.239957 0.569577
11 0.827184 0.00783105 0.0336878 0.0154749 0.547565
11 0.812467 0.281601 0.0451443 0.0358033 0.541703
2 0.955452 0.655139 0.0890955 0.193385 0.525974
11 0.804895 0.0614817 0.0474968 0.0347156 0.476851
11 0.58806 0.758534 0.0194876 0.0367479 0.473418
11 0.810253 0.276816 0.0440165 0.0329659 0.412173
11 0.804435 0.257936 0.0455793 0.0342683 0.402573
11 0.591657 0.717104 0.024028 0.043955 0.387333
