3 0.239567 0.398885 0.0613593 0.170826 0.891589
6 0.0760934 0.797816 0.127746 0.0488218 0.879212
11 0.0945031 0.299347 0.0484834 0.0308326 0.821321
7 0.829072 0.0419814 0.0695833 0.0416633 0.810574
11 0.678779 0.0187494 0.0431987 0.0303743 0.802973
2 0.203452 0.12771 0.406248 0.253346 0.798812
3 0.414644 0.283356 0.102423 0.0548214 0.788157
11 0.410838 0.145802 0.023884 0.0482197 0.783794
3 0.362805 0.574452 0.134546 0.0597507 0.774847
3 0.460277 0.0320979 0.0950817 0.0619757 0.774189
7 0.918819 0.05491 0.0625404 0.0389713 0.76255
11 0.752132 0.0268906 0.0587567 0.0412828 0.727838
11 0.975094 0.0645826 0.0449879 0.0345792 0.727267
11 0.0855118 0.605867 0.0297838 0.0438494 0.725565
6 0.0820912 0.874413 0.128155 0.0501121 0.725042
7 0.377309 0.972 0.0632719 0.0354838 0.694147
11 0.597827 0.00970726 0.0452816 0.0193039 0.690255
11 0.359948 0.324009 0.0335043 0.0478774 0.688529
11 0.592199 0.437501 0.0505272 0.0339447 0.672522
11 0.37594 0.911596 0.0469103 0.0306124 0.668289
11 0.180316 0.730156 0.0284547 0.0490168 0.660487
11 0.0860114 0.71917 0.0218951 0.0486757 0.644939
11 0.014071 0.705757 0.0251842 0.0473348 0.639828
11 0.227852 0.744039 0.0279628 0.049514 0.623474
11 0.173013 0.812433 0.0489129 0.0290823 0.586681
7 0.376083 0.94125 0.0567605 0.0338787 0.571569
7 0.227054 0.744678 0.0278855 0.0482645 0.564548
3 0.24688 0.864398 0.0478788 0.0808073 0.557984
2 0.703703 0.954856 0.591359 0.0891362 0.557357
11 0.154612 0.729955 0.0263916 0.0479587 0.55715
11 0.062367 0.717332 0.0235993 0.0346264 0.519215
11 0.172706 0.625015 0.028674 0.0314894 0.483336
9 0.39573 0.425443 0.212796 0.240977 0.46196
11 0.0101026 0.705386 0.0202053 0.0465224 0.460186
11 0.0395597 0.286548 0.0503321 0.0333958 0.459219
7 0.153347 0.731075 0.0281911 0.0483311 0.454698
11 0.0394323 0.708708 0.0268417 0.0463398 0.448618
11 0.245321 0.641021 0.0236053 0.0296427 0.446609
11 0.0140669 0.591134 0.026861 0.0425433 0.368881
3 0.577551 0.497542 0.0368975 0.0784031 0.343571
11 0.130628 0.725442 0.028411 0.0501371 0.325234
11 0.19705 0.629968 0.0232724 0.031639 0.323097
11 0.0160641 0.245778 0.0318181 0.0525937 0.320675
11 0.108247 0.717094 0.0251962 0.042943 0.304185
2 0.132381 0.926047 0.264763 0.146956 0.254519
