2 0.906729 0.750657 0.184277 0.149754 0.832289
11 0.976579 0.101172 0.0460314 0.0360085 0.776751
11 0.908242 0.126067 0.0407314 0.0334248 0.758526
3 0.652722 0.959431 0.0750351 0.0726772 0.729877
11 0.0574296 0.333369 0.0433863 0.0300692 0.719411
3 0.816952 0.148987 0.0760121 0.0629663 0.635422
2 0.550654 0.119963 0.418979 0.239927 0.635352
2 0.947685 0.895687 0.104629 0.208565 0.616915
2 0.184052 0.158139 0.364575 0.314751 0.581314
3 0.572932 0.925208 0.064767 0.0880859 0.567519
2 0.899532 0.0408329 0.200937 0.0816657 0.502503
3 0.169963 0.337669 0.0506757 0.0738653 0.491782
2 0.0902167 0.812154 0.179842 0.373242 0.483664
11 0.819085 0.794098 0.0305162 0.030747 0.464519
2 0.781642 0.941606 0.181165 0.116788 0.450506
2 0.187734 0.485328 0.21124 0.232695 0.440295
11 0.455085 0.966362 0.0380591 0.0298386 0.439049
2 0.0311485 0.291445 0.0622971 0.120083 0.423958
2 0.364426 0.670456 0.185872 0.231621 0.423462
11 0.522274 0.987089 0.05525 0.0256241 0.29794
2 0.821347 0.941682 0.257386 0.115079 0.286276
2 0.787362 0.725705 0.40976 0.246868 0.276581
11 0.830208 0.814311 0.0383953 0.0317683 0.276431
2 0.973861 0.245613 0.052278 0.231901 0.254065
