2 0.199754 0.60992 0.399508 0.350834 0.893878
2 0.638397 0.868942 0.233168 0.262116 0.842626
2 0.728805 0.660714 0.400352 0.452361 0.796699
3 0.462102 0.0965714 0.137272 0.0725461 0.781076
11 0.449876 0.538346 0.0214971 0.0462991 0.760349
3 0.883693 0.080896 0.0938488 0.161792 0.757926
11 0.484972 0.183466 0.0252032 0.0480473 0.75236
2 0.322645 0.867665 0.106694 0.123891 0.736078
3 0.478236 0.955612 0.0930291 0.0443959 0.690163
11 0.234282 0.944166 0.0471006 0.0434437 0.586924
2 0.838837 0.34512 0.278864 0.174482 0.578644
11 0.498818 0.730767 0.0268495 0.0474035 0.49261
2 0.0794417 0.918787 0.158474 0.161831 0.458452
3 0.868346 0.106759 0.0790358 0.122373 0.339769
2 0.977378 0.795961 0.0451179 0.189808 0.284769
