7 0.407177 0.566502 0.0475838 0.0636198 0.854398
2 0.289222 0.391297 0.131257 0.102494 0.82809
11 0.313692 0.729539 0.0345892 0.0472072 0.827997
11 0.523634 0.343635 0.0300777 0.0441609 0.825529
11 0.631898 0.340034 0.0358484 0.0475627 0.816926
11 0.725276 0.144141 0.0306937 0.0409503 0.812267
11 0.347844 0.902257 0.0313091 0.0365579 0.808791
2 0.702126 0.72578 0.270403 0.314673 0.806557
2 0.636391 0.923474 0.189587 0.153051 0.803804
11 0.899612 0.841502 0.0231434 0.0410389 0.782879
11 0.465348 0.770994 0.0324016 0.041709 0.77732
11 0.65929 0.273052 0.0333179 0.0439365 0.776513
2 0.064379 0.828937 0.128616 0.16777 0.771134
11 0.718798 0.238854 0.0312452 0.0454867 0.756384
2 0.0588594 0.961658 0.117341 0.0766724 0.752153
3 0.869828 0.0437263 0.068866 0.0874525 0.747805
11 0.69137 0.215164 0.0334882 0.0447697 0.745369
11 0.681092 0.310879 0.0318146 0.0425245 0.739931
11 0.467458 0.445277 0.0355638 0.0468624 0.735262
11 0.210827 0.901773 0.0363244 0.0428337 0.724797
2 0.391098 0.275449 0.196393 0.251328 0.715275
11 0.903132 0.799192 0.0210865 0.0356752 0.695726
2 0.0862415 0.388448 0.172455 0.300625 0.692769
7 0.291844 0.980496 0.0408793 0.03839 0.665171
3 0.401314 0.0179906 0.0869106 0.0358863 0.644948
11 0.922977 0.40752 0.022644 0.0425892 0.633361
2 0.121701 0.69559 0.119063 0.142968 0.632325
3 0.736161 0.0162435 0.108676 0.0324262 0.624385
11 0.276738 0.795501 0.0276246 0.0401152 0.608816
11 0.340171 0.68179 0.0394407 0.0472468 0.603403
11 0.504991 0.694609 0.0362644 0.0447066 0.580171
2 0.830534 0.192128 0.148459 0.164267 0.56712
2 0.837024 0.369687 0.122409 0.200266 0.519933
2 0.602451 0.0453328 0.142357 0.0905615 0.443307
11 0.371105 0.632532 0.0370185 0.0544066 0.439439
11 0.291943 0.980775 0.0408017 0.0379244 0.435368
2 0.167282 0.604107 0.103277 0.100869 0.429401
2 0.528717 0.153655 0.160884 0.200322 0.394541
2 0.442882 0.973456 0.159515 0.0530875 0.387083
2 0.247812 0.0479061 0.17895 0.0949022 0.37153
2 0.805188 0.536109 0.18907 0.213881 0.278884
11 0.325421 0.98326 0.0358411 0.0333272 0.253248
11 0.388217 0.781017 0.0387181 0.0431953 0.251555
