11 0.485972 0.658223 0.0443503 0.0506987 0.804506
11 0.409288 0.569239 0.0416122 0.0464198 0.800067
11 0.289659 0.660414 0.0437887 0.04874 0.64993
7 0.0374628 0.29998 0.0551847 0.0472421 0.632283
11 0.311498 0.805195 0.0386389 0.0452163 0.606419
11 0.29098 0.818971 0.0434417 0.0522755 0.581084
11 0.368519 0.601318 0.0426608 0.0443487 0.560896
11 0.090967 0.248786 0.0502457 0.0473985 0.545094
2 0.59935 0.893856 0.335031 0.211519 0.510038
11 0.35257 0.623369 0.0470486 0.0496968 0.435583
11 0.308706 0.649594 0.0361814 0.0483532 0.334666
11 0.328277 0.633897 0.0419342 0.0505415 0.321692
