2 0.487015 0.92252 0.336213 0.153573 0.856011
7 0.237912 0.831097 0.0603845 0.0453129 0.759585
2 0.223798 0.076856 0.163184 0.151579 0.733175
2 0.795258 0.826995 0.408584 0.277543 0.690443
2 0.518784 0.585322 0.666851 0.33792 0.624768
7 0.155072 0.556907 0.0396036 0.0945028 0.488296
6 0.157976 0.557092 0.0403741 0.0939357 0.46813
7 0.509353 0.409437 0.088609 0.0507797 0.386299
2 0.516279 0.154324 0.31238 0.195138 0.350243
2 0.0918837 0.984984 0.183767 0.0300314 0.331389
2 0.531396 0.505161 0.685679 0.504449 0.285224
11 0.00727539 0.909746 0.0145508 0.0348637 0.279931
2 0.909696 0.47656 0.180609 0.192547 0.264702
