10 0.868953 0.943328 0.262056 0.109429 0.880914
11 0.632142 0.353746 0.0480642 0.0392798 0.871365
11 0.306858 0.0279865 0.0463782 0.0405831 0.862134
11 0.908573 0.322153 0.0425175 0.0382213 0.84915
11 0.53242 0.309707 0.0441989 0.036722 0.847628
10 0.333353 0.441205 0.539668 0.340936 0.836952
11 0.543443 0.147076 0.0493889 0.0431022 0.834275
11 0.703095 0.185738 0.0467585 0.0399598 0.832133
11 0.760328 0.292932 0.0451239 0.0383397 0.765716
7 0.429482 0.161182 0.0693727 0.0585057 0.732813
11 0.858419 0.464755 0.0564133 0.0450825 0.673045
6 0.825481 0.10422 0.0981494 0.0723225 0.659358
6 0.633758 0.0257522 0.113745 0.0513695 0.507604
10 0.868111 0.73208 0.263692 0.227659 0.454866
10 0.864685 0.837344 0.269211 0.171635 0.439359
6 0.653328 0.0263312 0.0757936 0.0519352 0.402799
10 0.865519 0.794082 0.268963 0.354306 0.362929
10 0.866866 0.847897 0.265737 0.272043 0.352238
