2 0.396392 0.403976 0.318008 0.326186 0.877209
7 0.543088 0.0561462 0.0364385 0.0576536 0.875987
7 0.577615 0.166056 0.0421207 0.0735694 0.779418
7 0.519924 0.116561 0.0465287 0.0709794 0.737546
2 0.743746 0.545024 0.355288 0.905946 0.626376
11 0.988097 0.407842 0.0235646 0.0436052 0.588951
7 0.866198 0.942716 0.0315262 0.0657803 0.584033
2 0.275146 0.799697 0.214683 0.28021 0.560717
7 0.613665 0.0411787 0.0392209 0.0618216 0.552407
2 0.356536 0.114229 0.362256 0.228459 0.538923
7 0.487927 0.258557 0.0446179 0.0725789 0.51438
7 0.353384 0.23234 0.0545311 0.0381457 0.425626
11 0.858851 0.017186 0.0281979 0.0343721 0.395832
2 0.0924034 0.436248 0.18455 0.562604 0.385981
11 0.808457 0.00716273 0.0305927 0.0143255 0.277701
