11 0.39389 0.448957 0.0443955 0.0344165 0.85474
11 0.51209 0.0588373 0.0482382 0.0359728 0.848718
11 0.323441 0.667743 0.043075 0.037507 0.839802
11 0.452738 0.260131 0.0468944 0.0369987 0.832453
11 0.501848 0.11066 0.0475559 0.033167 0.827
7 0.089261 0.886877 0.0373707 0.0595576 0.820533
11 0.308553 0.72298 0.0405081 0.0317917 0.80741
11 0.415286 0.693221 0.0298726 0.0356043 0.803082
11 0.355375 0.892672 0.0383062 0.0384403 0.791888
11 0.268535 0.853621 0.0443838 0.0337997 0.777664
11 0.390513 0.183679 0.0262001 0.0482031 0.770124
11 0.685373 0.847985 0.0250853 0.0421293 0.754433
11 0.821419 0.326449 0.0253891 0.0475746 0.748381
11 0.349875 0.590611 0.0519634 0.0365952 0.737241
11 0.108188 0.831774 0.0267584 0.0409214 0.696416
7 0.479154 0.510952 0.0472357 0.0461582 0.664013
11 0.803658 0.390317 0.0267099 0.0408144 0.662477
11 0.405288 0.134914 0.0274885 0.0445677 0.647633
11 0.415434 0.375726 0.0454569 0.033063 0.6429
11 0.642178 0.908808 0.0249486 0.0421776 0.640988
11 0.417452 0.0969775 0.0249809 0.0401464 0.6214
11 0.398745 0.752995 0.0318158 0.045321 0.602917
2 0.0836854 0.672734 0.167232 0.279236 0.585796
11 0.690775 0.924623 0.0300984 0.0430518 0.583749
11 0.821891 0.395054 0.025412 0.0444482 0.56322
11 0.397781 0.76075 0.0345826 0.0587784 0.541631
11 0.774977 0.558651 0.0274245 0.0465675 0.522751
11 0.498929 0.436108 0.0419684 0.0357359 0.483963
11 0.375622 0.499184 0.0519397 0.0404136 0.459598
11 0.818197 0.212963 0.0257071 0.038517 0.432619
11 0.411932 0.401818 0.0445385 0.0288961 0.431292
11 0.850845 0.100454 0.0260356 0.0394377 0.404016
11 0.302388 0.749222 0.04493 0.0294767 0.39152
11 0.488409 0.454854 0.0337736 0.0374031 0.360344
11 0.428074 0.321823 0.0478242 0.0363605 0.358525
11 0.469084 0.5377 0.0298836 0.0369431 0.340723
11 0.495712 0.441648 0.0443959 0.0400139 0.337744
11 0.734287 0.503069 0.0228787 0.0383106 0.336938
7 0.347634 0.617629 0.047805 0.0307284 0.335408
11 0.987312 0.0304629 0.0252877 0.0539286 0.309585
11 0.395788 0.770249 0.0372071 0.0490963 0.292803
11 0.986048 0.267177 0.0263775 0.0377513 0.274809
11 0.810641 0.798867 0.0444631 0.0275831 0.254424
11 0.347814 0.618283 0.0490532 0.029324 0.250884
