2 0.0961065 0.682757 0.152134 0.156835 0.869935
2 0.367434 0.892229 0.128159 0.132356 0.859809
2 0.700184 0.709688 0.16307 0.168586 0.848463
11 0.270717 0.686009 0.0421657 0.0400288 0.832417
2 0.295068 0.530121 0.122523 0.128737 0.83155
11 0.468775 0.829245 0.0420907 0.0417833 0.830535
11 0.553073 0.922454 0.0405737 0.0517363 0.820733
2 0.514844 0.608707 0.255523 0.248611 0.799575
2 0.145543 0.470645 0.144563 0.164505 0.792122
11 0.913952 0.172673 0.0308601 0.0365155 0.747353
11 0.174831 0.6223 0.0452501 0.0411801 0.744009
11 0.914343 0.0692768 0.0475926 0.0551249 0.741597
2 0.700645 0.895253 0.151046 0.126373 0.671391
11 0.951691 0.12473 0.0330582 0.0463951 0.654426
2 0.766181 0.94967 0.12004 0.0868523 0.617261
11 0.861349 0.0953775 0.0340986 0.0420939 0.613932
2 0.0752144 0.961459 0.141319 0.0770831 0.588253
11 0.588193 0.964324 0.0301634 0.0320934 0.549705
11 0.0155072 0.523602 0.0310144 0.0332935 0.53765
2 0.465879 0.955975 0.141983 0.0880508 0.508971
2 0.0137318 0.666862 0.0274636 0.14527 0.497848
11 0.381858 0.766559 0.0360543 0.0374397 0.482128
2 0.381684 0.538183 0.193229 0.229848 0.481574
2 0.093846 0.341388 0.0959496 0.103449 0.450081
2 0.203684 0.980798 0.104786 0.0384035 0.430086
2 0.0265341 0.365 0.0530476 0.0886187 0.384736
