2 0.8337 0.833191 0.177654 0.162056 0.938714
2 0.382705 0.0604985 0.131942 0.120997 0.888173
2 0.667972 0.485329 0.159449 0.162542 0.851075
2 0.509478 0.629696 0.140683 0.145411 0.84944
2 0.866959 0.411642 0.154785 0.158894 0.847881
2 0.234199 0.703796 0.238922 0.302327 0.838621
11 0.245198 0.886487 0.0421092 0.0353643 0.827915
11 0.442532 0.860047 0.0407198 0.0338072 0.803047
11 0.568882 0.735173 0.0491794 0.0342501 0.802245
11 0.20226 0.903495 0.0472042 0.0360062 0.768437
2 0.940962 0.34562 0.110337 0.120757 0.757143
11 0.44156 0.792053 0.0460939 0.0338654 0.75585
11 0.81694 0.692749 0.0435696 0.034539 0.752465
2 0.774178 0.0369558 0.129292 0.0736441 0.746623
11 0.532494 0.822155 0.0486444 0.0348784 0.745772
11 0.393101 0.815483 0.0423269 0.0325421 0.729502
2 0.694238 0.896345 0.163184 0.164895 0.725874
11 0.719814 0.739068 0.0357723 0.0286694 0.696488
2 0.244416 0.0808347 0.125757 0.123829 0.683914
11 0.640248 0.700931 0.0486351 0.0321136 0.676405
11 0.957604 0.618153 0.0459039 0.0380905 0.652518
11 0.372448 0.895521 0.0451675 0.0365906 0.647763
2 0.626484 0.956121 0.113897 0.0877579 0.613967
2 0.505455 0.951955 0.122246 0.0960892 0.609011
2 0.141058 0.48205 0.217384 0.243796 0.587264
2 0.0245865 0.0431648 0.049173 0.0863295 0.580686
2 0.190942 0.161151 0.117238 0.133226 0.580042
2 0.384311 0.978414 0.11331 0.0431719 0.549354
2 0.759672 0.450064 0.140488 0.157801 0.487861
11 0.887661 0.584729 0.0381031 0.0370869 0.474539
7 0.371768 0.895571 0.0454626 0.0362266 0.474424
11 0.897327 0.579874 0.0552053 0.0465493 0.438918
11 0.438753 0.735414 0.0362701 0.0457571 0.437594
11 0.912697 0.64486 0.0563012 0.045489 0.372885
2 0.0461412 0.82478 0.0922061 0.185407 0.321502
11 0.413517 0.743291 0.0354979 0.0463338 0.290916
11 0.994365 0.570412 0.01127 0.0442371 0.252748
11 0.651151 0.635155 0.0357851 0.0461166 0.252011
