2 0.210596 0.688621 0.37155 0.193052 0.933366
7 0.794062 0.732185 0.0393682 0.053549 0.79477
7 0.73004 0.702953 0.0522706 0.0684706 0.785529
11 0.245186 0.530412 0.0225739 0.0377054 0.778269
2 0.590838 0.87792 0.384295 0.244136 0.745326
11 0.191534 0.528475 0.0270473 0.0448475 0.728214
11 0.0636843 0.504696 0.0252329 0.0428175 0.684514
6 0.592676 0.716776 0.0771811 0.108015 0.603188
11 0.138369 0.515314 0.0253724 0.0452607 0.564512
7 0.616262 0.757807 0.0458832 0.0683052 0.396299
7 0.939631 0.758455 0.0451774 0.0466702 0.351951
7 0.786249 0.724731 0.0377934 0.0478665 0.329317
11 0.771103 0.719011 0.0361572 0.0451671 0.250274
