2 0.101491 0.650019 0.144494 0.148569 0.92523
2 0.945593 0.825761 0.108813 0.121415 0.889024
2 0.341413 0.831418 0.144857 0.135613 0.884161
2 0.592267 0.720588 0.133649 0.140261 0.881191
2 0.519003 0.226211 0.119035 0.129565 0.868388
2 0.185282 0.0599401 0.147485 0.119161 0.866687
2 0.217064 0.559444 0.161737 0.159752 0.844035
2 0.955436 0.195522 0.0885906 0.161005 0.828656
11 0.251401 0.716936 0.0382081 0.0399688 0.805373
11 0.306514 0.655532 0.0350547 0.0365101 0.798089
2 0.424931 0.73129 0.135354 0.129952 0.792089
2 0.408341 0.294868 0.115034 0.114229 0.779603
2 0.616233 0.593143 0.137928 0.129546 0.756559
2 0.721253 0.0269112 0.123834 0.0537529 0.72702
2 0.665816 0.503911 0.140546 0.12753 0.700269
2 0.163226 0.218125 0.187048 0.156241 0.689563
11 0.609553 0.300748 0.036175 0.0378564 0.681107
2 0.0487831 0.465278 0.0974848 0.102333 0.671018
2 0.970967 0.476371 0.0579166 0.112129 0.646514
2 0.788688 0.332466 0.116848 0.119246 0.640859
2 0.340119 0.987066 0.118322 0.0258674 0.62917
11 0.71489 0.191009 0.0395683 0.0404233 0.608228
2 0.0485707 0.0680705 0.0971414 0.135213 0.587146
2 0.849728 0.273147 0.145836 0.13774 0.553166
2 0.95236 0.985867 0.0879554 0.0282665 0.500314
2 0.7112 0.394479 0.113935 0.113014 0.431415
2 0.60504 0.0743851 0.086446 0.0879794 0.41779
11 0.279529 0.682852 0.034621 0.0341689 0.409184
2 0.659099 0.116874 0.0755831 0.0844219 0.404933
11 0.880076 0.00788482 0.0391788 0.0155651 0.337449
2 0.819477 0.681598 0.118364 0.134122 0.307464
2 0.726062 0.402433 0.142351 0.130788 0.256936
