2 0.0823337 0.681161 0.164667 0.114335 0.917055
2 0.234724 0.375797 0.151631 0.0856516 0.893782
2 0.348856 0.638143 0.160552 0.155347 0.88762
2 0.586306 0.6975 0.127123 0.106467 0.882507
2 0.471634 0.319565 0.126696 0.0796323 0.88147
2 0.332879 0.910494 0.147439 0.122751 0.862974
11 0.0652724 0.775783 0.0457414 0.0266072 0.825419
11 0.232702 0.787512 0.0479106 0.0267651 0.82215
11 0.649812 0.798586 0.0436426 0.0314525 0.820883
11 0.585768 0.79988 0.0469099 0.0305566 0.817761
11 0.118592 0.778166 0.0522363 0.0291674 0.815534
2 0.693405 0.948288 0.131177 0.103165 0.81131
11 0.396 0.78901 0.0452044 0.0286268 0.808369
2 0.935572 0.666069 0.124127 0.147036 0.789625
11 0.702161 0.803738 0.0449733 0.0288631 0.789586
2 0.749995 0.0769557 0.180265 0.149125 0.78773
2 0.447041 0.696539 0.11667 0.117517 0.787406
11 0.755187 0.804279 0.0486949 0.030962 0.784932
11 0.481079 0.844453 0.0470806 0.0324051 0.78482
11 0.537599 0.795931 0.0489359 0.028335 0.778627
2 0.766757 0.390457 0.0909342 0.0714202 0.771868
11 0.479708 0.793693 0.043593 0.0275221 0.770898
11 0.135071 0.836137 0.0458315 0.0234595 0.769708
11 0.668047 0.850481 0.0424476 0.0259949 0.767991
2 0.792113 0.958419 0.0902132 0.0831617 0.762788
2 0.706918 0.67636 0.134049 0.119725 0.757659
11 0.0721209 0.833805 0.0377012 0.0223438 0.756252
11 0.776781 0.85829 0.041971 0.0276096 0.748723
11 0.168011 0.777376 0.0430756 0.0270313 0.742339
2 0.603855 0.0367776 0.112695 0.073344 0.737381
2 0.900404 0.0362244 0.0999811 0.0721442 0.719376
2 0.945675 0.104988 0.10865 0.104068 0.711463
2 0.456575 0.935537 0.12181 0.109598 0.705303
2 0.490742 0.0577001 0.129718 0.113984 0.703566
2 0.597228 0.947996 0.0757875 0.103695 0.65846
11 0.0169071 0.776489 0.033746 0.0252651 0.654263
11 0.820069 0.861935 0.0435717 0.0222222 0.643134
11 0.989365 0.868071 0.0212706 0.034536 0.622617
11 0.349675 0.78962 0.0427151 0.0278939 0.602223
2 0.8766 0.96869 0.0860296 0.0620812 0.55149
2 0.97591 0.967162 0.048181 0.0656767 0.533864
2 0.287189 0.0246239 0.202768 0.0492477 0.494475
2 0.186508 0.913057 0.13817 0.0945565 0.476961
2 0.0227778 0.947768 0.0454126 0.104464 0.459733
2 0.0976029 0.0302871 0.0647158 0.0604601 0.393631
2 0.832405 0.710701 0.103732 0.0941232 0.351962
2 0.253603 0.0161931 0.138697 0.0323863 0.295106
2 0.0806945 0.916903 0.0899149 0.103225 0.291201
2 0.194719 0.974496 0.160834 0.0508333 0.26971
11 0.372839 0.840328 0.0438189 0.0209965 0.256065
