2 0.449191 0.640004 0.352873 0.384566 0.910479
2 0.0991453 0.0600333 0.124302 0.118019 0.898584
2 0.697351 0.149016 0.130908 0.130693 0.869212
2 0.79995 0.861594 0.363779 0.275849 0.81809
2 0.806759 0.0582728 0.148344 0.116546 0.816809
11 0.0320073 0.643236 0.0385452 0.043588 0.813034
11 0.306145 0.378528 0.033328 0.0399215 0.781676
2 0.903075 0.133919 0.127369 0.118167 0.751397
11 0.529543 0.0909421 0.0368496 0.0376591 0.747529
2 0.535921 0.350394 0.156655 0.152434 0.689966
2 0.12534 0.214493 0.136615 0.133085 0.673493
11 0.00808506 0.687394 0.0161701 0.0412291 0.653152
2 0.022232 0.35334 0.0443759 0.091583 0.647545
2 0.133481 0.362853 0.0728869 0.0765989 0.63839
2 0.949123 0.664171 0.101498 0.270856 0.566332
2 0.243114 0.95556 0.204492 0.0888792 0.562971
2 0.939006 0.0274826 0.121989 0.0547369 0.546393
2 0.0262428 0.5786 0.0519787 0.102518 0.342538
2 0.0258967 0.597876 0.0517935 0.149941 0.256854
