2 0.20717 0.303296 0.243914 0.160874 0.878178
2 0.274163 0.146247 0.381661 0.191878 0.861102
3 0.691805 0.671847 0.0529541 0.086994 0.85554
2 0.699096 0.346749 0.18042 0.220738 0.757662
3 0.781345 0.600941 0.0928378 0.053635 0.696305
2 0.449088 0.76627 0.150913 0.10324 0.671522
2 0.110682 0.958392 0.211582 0.0832166 0.661547
2 0.624676 0.829816 0.206804 0.230839 0.649402
2 0.68919 0.534124 0.127403 0.162675 0.649231
11 0.378715 0.688097 0.0434297 0.0222679 0.625978
11 0.570215 0.68071 0.0475329 0.024469 0.624016
2 0.412578 0.923757 0.138948 0.150447 0.546626
3 0.845574 0.672653 0.0527836 0.1162 0.497284
2 0.521833 0.195542 0.0985358 0.155805 0.487671
2 0.691355 0.157501 0.223873 0.189718 0.482715
11 0.647024 0.686316 0.0389517 0.0265436 0.44323
2 0.697694 0.0396741 0.197207 0.0789107 0.398148
7 0.285894 0.661033 0.0706293 0.0319893 0.373419
11 0.267296 0.689108 0.0438502 0.0209997 0.352991
11 0.285667 0.662381 0.0687607 0.033078 0.337328
2 0.137428 0.822394 0.231346 0.208918 0.323819
2 0.314302 0.781583 0.133258 0.133776 0.313012
2 0.334991 0.497825 0.587514 0.252022 0.299652
