2 0.10927 0.619429 0.218539 0.382124 0.875884
2 0.649818 0.453961 0.284971 0.308021 0.843691
11 0.856315 0.915357 0.0493713 0.0348724 0.831425
11 0.423746 0.917077 0.0497322 0.0321843 0.780902
11 0.779667 0.933442 0.0465038 0.0323105 0.772482
11 0.959817 0.891431 0.0402195 0.0308153 0.765444
2 0.0529851 0.0874117 0.105922 0.173866 0.758314
2 0.905048 0.739395 0.189903 0.145581 0.742912
7 0.242987 0.900629 0.0361711 0.0566925 0.703244
11 0.906921 0.904931 0.0489588 0.0354946 0.693551
2 0.977435 0.447456 0.0451306 0.0850477 0.659144
11 0.371385 0.930405 0.0538281 0.0359417 0.56008
2 0.984944 0.356788 0.0301079 0.1079 0.514835
7 0.371702 0.929968 0.0536021 0.0355103 0.505284
2 0.696806 0.119775 0.291708 0.239429 0.461376
11 0.964009 0.370516 0.0197174 0.0415027 0.439244
2 0.943216 0.591305 0.113233 0.0677471 0.421995
2 0.88801 0.9844 0.22398 0.0312 0.397951
11 0.215062 0.900864 0.0242402 0.04559 0.397795
2 0.921777 0.0514767 0.088028 0.102953 0.37835
7 0.170267 0.982555 0.0589156 0.0342438 0.373523
2 0.923828 0.589461 0.0745678 0.0610138 0.252815
