2 0.134837 0.132899 0.181572 0.173273 0.825111
2 0.873082 0.837564 0.246867 0.178488 0.811365
2 0.590927 0.79867 0.305225 0.158045 0.674222
2 0.0895826 0.256349 0.169942 0.135525 0.599291
2 0.482527 0.269311 0.215449 0.187251 0.574317
2 0.767187 0.312895 0.288829 0.136995 0.530797
2 0.232043 0.587252 0.464085 0.251868 0.446883
2 0.465533 0.928062 0.148974 0.1404 0.367905
2 0.189471 0.0442539 0.175644 0.0883634 0.361395
2 0.206924 0.843161 0.413848 0.311182 0.360589
2 0.135385 0.391996 0.269004 0.154931 0.359433
2 0.695421 0.939256 0.240769 0.121345 0.352336
2 0.373972 0.598769 0.182124 0.238888 0.332335
2 0.917481 0.581213 0.165039 0.388556 0.312909
2 0.765569 0.170797 0.235493 0.196036 0.306011
2 0.843121 0.322475 0.144559 0.113975 0.279537
2 0.70991 0.309174 0.166553 0.130888 0.274825
