2 0.886362 0.952557 0.133754 0.0948856 0.869927
2 0.844468 0.531586 0.151709 0.139391 0.854497
11 0.480295 0.858356 0.0496023 0.0464916 0.834263
2 0.304553 0.2867 0.177944 0.181489 0.828653
11 0.968326 0.288269 0.0486708 0.0273589 0.82383
11 0.522288 0.8919 0.0499864 0.041206 0.815377
11 0.380809 0.794577 0.0502711 0.041423 0.802827
2 0.394546 0.493145 0.221155 0.206033 0.799472
2 0.336661 0.151089 0.187907 0.172391 0.791296
11 0.438577 0.826036 0.0533571 0.0449863 0.786287
11 0.137259 0.590763 0.0478403 0.0426383 0.781957
11 0.65932 0.217986 0.0234844 0.0388484 0.761885
7 0.66775 0.271051 0.0313848 0.0557308 0.755504
11 0.288139 0.709655 0.0509128 0.0393005 0.749743
2 0.804077 0.228395 0.158419 0.137462 0.730939
11 0.678672 0.510003 0.0480652 0.0340822 0.730532
11 0.207351 0.645644 0.0505663 0.0397249 0.717358
11 0.353951 0.761415 0.0451978 0.0390741 0.695056
11 0.573305 0.931174 0.0477625 0.0401403 0.688978
11 0.245897 0.675813 0.0493822 0.0380797 0.678215
11 0.921467 0.309247 0.0367033 0.0438268 0.675304
11 0.0319224 0.503803 0.0434756 0.0358541 0.675094
2 0.416201 0.685928 0.226106 0.219806 0.563759
11 0.313036 0.730271 0.0464418 0.0382513 0.54766
2 0.436273 0.0195358 0.108101 0.0389314 0.513288
2 0.97743 0.574797 0.0451053 0.144941 0.435089
11 0.295986 0.718899 0.0422164 0.0314399 0.42671
11 0.789572 0.729071 0.0497753 0.0434901 0.413162
2 0.957086 0.745762 0.0857174 0.131912 0.408475
11 0.915796 0.412794 0.0228794 0.04046 0.292937
2 0.192158 0.885446 0.383187 0.228981 0.274345
