2 0.870613 0.528012 0.173647 0.312957 0.924731
11 0.611074 0.220845 0.0456379 0.0324547 0.828922
11 0.831509 0.829869 0.047954 0.0436901 0.821637
11 0.661962 0.216775 0.0404332 0.0294292 0.821259
11 0.55806 0.227119 0.0398071 0.0303449 0.808854
7 0.439618 0.40202 0.0429796 0.0534297 0.790208
11 0.506769 0.505076 0.028218 0.0358423 0.782157
11 0.209643 0.0224583 0.0250347 0.0449165 0.757406
3 0.367247 0.132604 0.0412511 0.113871 0.746347
3 0.12632 0.022751 0.0994108 0.0455021 0.744126
11 0.0117315 0.271142 0.0232994 0.0355175 0.735388
3 0.380611 0.31795 0.0946427 0.0674579 0.730876
11 0.645484 0.278962 0.0316154 0.040389 0.716552
2 0.407519 0.874673 0.218868 0.246541 0.712147
3 0.100548 0.163439 0.0800492 0.0973782 0.702373
11 0.571903 0.291253 0.0369705 0.0492111 0.656402
11 0.757465 0.688176 0.0241466 0.0451854 0.621927
2 0.0284068 0.835481 0.0568137 0.135431 0.593344
2 0.0674945 0.601974 0.134565 0.339026 0.522447
3 0.411307 0.224291 0.0734582 0.0758831 0.495723
11 0.596156 0.288019 0.0306667 0.0465941 0.448316
2 0.240118 0.956348 0.188453 0.0873032 0.411865
11 0.620477 0.28332 0.0338299 0.0503191 0.383377
2 0.0829842 0.946626 0.163289 0.106748 0.383002
11 0.23715 0.176846 0.0527724 0.0434169 0.349434
11 0.467796 0.450481 0.0303927 0.0367359 0.333492
