11 0.572051 0.650079 0.0243029 0.0418131 0.839834
7 0.574052 0.363182 0.0396439 0.0676897 0.822403
11 0.572767 0.800434 0.0226371 0.0415003 0.79254
11 0.596549 0.0216597 0.0310734 0.0433194 0.730795
11 0.569843 0.417232 0.0222853 0.0403446 0.727165
11 0.571958 0.603217 0.0269923 0.0458922 0.709676
11 0.0591465 0.732157 0.0502416 0.0406598 0.706493
11 0.571885 0.697257 0.0234669 0.0400591 0.64475
2 0.464795 0.573446 0.143458 0.853108 0.491546
2 0.878923 0.921755 0.242153 0.124292 0.446757
2 0.845567 0.339904 0.308867 0.295084 0.318464
2 0.869739 0.695535 0.260385 0.316922 0.304148
