2 0.544639 0.302201 0.192524 0.189847 0.896028
2 0.274068 0.631023 0.163233 0.143454 0.843461
11 0.223579 0.205015 0.0338607 0.0439515 0.834536
7 0.124401 0.556936 0.0422417 0.0605679 0.834418
11 0.0480446 0.716329 0.034835 0.0492582 0.831346
2 0.939277 0.910096 0.121445 0.179537 0.829144
11 0.0393322 0.493461 0.0320929 0.0472189 0.811616
2 0.445134 0.932396 0.249934 0.135049 0.789474
2 0.590517 0.798949 0.272183 0.267934 0.784288
2 0.309943 0.496851 0.164855 0.152496 0.778038
2 0.583221 0.0440982 0.123556 0.0881965 0.769068
11 0.0173357 0.95354 0.0272118 0.0439346 0.764925
2 0.49727 0.128384 0.143545 0.137205 0.762618
2 0.2019 0.935936 0.132382 0.127774 0.75426
2 0.465735 0.428874 0.150381 0.159902 0.753653
11 0.107486 0.129399 0.0360785 0.0431945 0.711162
2 0.807581 0.657316 0.346501 0.208627 0.657059
11 0.219423 0.466317 0.0384501 0.0513197 0.644329
2 0.124074 0.177008 0.182669 0.222469 0.625006
2 0.917203 0.482625 0.165594 0.275606 0.619735
11 0.320074 0.79131 0.0486899 0.0396955 0.605414
11 0.0791384 0.168651 0.0310793 0.036569 0.593297
11 0.295586 0.815395 0.0449553 0.0311855 0.583705
11 0.00890009 0.584801 0.0176433 0.0455424 0.543224
2 0.982103 0.138423 0.0357941 0.129349 0.535593
2 0.797412 0.0409059 0.152017 0.0818117 0.481161
12 0.778686 0.108766 0.0499005 0.0467599 0.479545
11 0.297125 0.889601 0.0365901 0.0299131 0.474137
7 0.102443 0.372624 0.0471746 0.0650226 0.439195
2 0.897282 0.655621 0.173595 0.197032 0.425912
2 0.650831 0.0215005 0.107274 0.0429542 0.319728
11 0.434122 0.269106 0.0317564 0.0387869 0.268378
2 0.972771 0.295514 0.0544587 0.160875 0.266028
