2 0.405184 0.415242 0.127106 0.123381 0.918894
2 0.926158 0.32831 0.143437 0.149903 0.894227
11 0.932306 0.830772 0.0432754 0.0355263 0.861592
11 0.270623 0.492071 0.0470587 0.038424 0.857589
2 0.293339 0.692103 0.175136 0.117929 0.857541
2 0.869225 0.551103 0.161697 0.157762 0.854438
2 0.32806 0.895392 0.13055 0.110497 0.843455
2 0.464423 0.0611242 0.11863 0.121506 0.83701
11 0.789873 0.0530494 0.0489717 0.0403527 0.827836
11 0.962217 0.140592 0.0476687 0.0361487 0.825818
2 0.687429 0.190964 0.141196 0.129601 0.823642
11 0.213907 0.463735 0.0509683 0.0386722 0.819139
11 0.258393 0.0849369 0.0332549 0.0484298 0.803429
11 0.627995 0.675504 0.0502853 0.0387629 0.80017
2 0.796864 0.245974 0.132623 0.131709 0.784718
2 0.147847 0.0697945 0.145667 0.139589 0.776557
2 0.148169 0.883556 0.12625 0.139014 0.776042
2 0.967088 0.772328 0.0658249 0.116662 0.774105
2 0.94009 0.973876 0.11982 0.052248 0.769673
2 0.49587 0.826395 0.130877 0.126995 0.768573
11 0.353651 0.532311 0.0406481 0.0307525 0.764745
11 0.713931 0.0144169 0.0366114 0.0288014 0.732064
2 0.389536 0.201599 0.137672 0.113532 0.694533
11 0.282024 0.0406586 0.0335186 0.0482195 0.690385
11 0.139951 0.30861 0.0285843 0.0434203 0.661811
2 0.591193 0.123439 0.153664 0.14087 0.653165
11 0.990642 0.162421 0.0183155 0.0361125 0.604424
11 0.0112572 0.381206 0.0225145 0.0345872 0.593067
2 0.0730369 0.194666 0.138102 0.197852 0.583152
11 0.274379 0.59058 0.0457296 0.0356481 0.560302
2 0.175178 0.982407 0.115683 0.0351858 0.496936
11 0.67686 0.00455551 0.0389566 0.00908544 0.476223
2 0.428573 0.97956 0.154644 0.0407917 0.422611
2 0.935006 0.0227265 0.114167 0.0453853 0.406182
11 0.772198 0.0047652 0.0394458 0.00952091 0.31908
2 0.674759 0.533309 0.164831 0.15661 0.266969
