2 0.411284 0.555505 0.247137 0.350205 0.905819
2 0.156876 0.866859 0.299179 0.185242 0.904621
11 0.556887 0.836335 0.0445906 0.0380551 0.892149
2 0.842945 0.414399 0.314109 0.551962 0.88746
2 0.551312 0.187474 0.181402 0.120225 0.868529
2 0.621622 0.726118 0.244631 0.166546 0.867794
11 0.945434 0.373474 0.030793 0.046363 0.789583
11 0.150482 0.96181 0.0424197 0.0305535 0.788838
11 0.883488 0.234464 0.0301735 0.0453531 0.75595
2 0.0360986 0.374623 0.0720925 0.127028 0.737696
11 0.326734 0.988412 0.044843 0.0231754 0.719953
7 0.718143 0.793445 0.0571691 0.0389477 0.696902
11 0.668727 0.80505 0.0433079 0.0339827 0.695493
11 0.963943 0.419578 0.031947 0.0421137 0.691899
11 0.238617 0.96947 0.0371529 0.0241146 0.683547
2 0.0581731 0.194962 0.116134 0.128621 0.6518
11 0.843228 0.142927 0.031366 0.0470611 0.643204
11 0.862855 0.187493 0.0306194 0.0482135 0.634215
11 0.982161 0.459716 0.0300121 0.0400471 0.621708
2 0.176198 0.277233 0.135856 0.137588 0.597764
11 0.518523 0.85032 0.0351422 0.0310451 0.597633
2 0.412333 0.187187 0.113007 0.169829 0.587755
11 0.15759 0.633067 0.0304574 0.0479133 0.579876
11 0.9188 0.307347 0.032148 0.0462598 0.553477
11 0.252188 0.933859 0.0447985 0.0263445 0.54561
2 0.122826 0.394236 0.100251 0.108668 0.5301
2 0.166617 0.094883 0.172558 0.145553 0.45171
2 0.34325 0.0398392 0.126147 0.0794307 0.396154
2 0.697259 0.0664967 0.267562 0.132993 0.394721
11 0.603538 0.822167 0.0438075 0.0359558 0.369014
2 0.337522 0.190687 0.0943693 0.1121 0.329926
2 0.279981 0.194482 0.0807152 0.090841 0.32668
2 0.553837 0.0559175 0.0925495 0.0900391 0.303764
2 0.342467 0.0280709 0.121568 0.0561346 0.292836
2 0.205791 0.101516 0.0980179 0.124726 0.273675
2 0.740456 0.0607215 0.181409 0.121443 0.250858
