2 0.0879369 0.643811 0.175562 0.275363 0.900729
11 0.449813 0.484268 0.0280079 0.0478513 0.854132
2 0.344476 0.563028 0.208494 0.278136 0.846841
2 0.264652 0.932053 0.526509 0.135265 0.827988
3 0.407854 0.212775 0.0851824 0.0451841 0.821237
2 0.746505 0.350315 0.50699 0.555814 0.815426
3 0.394873 0.0980514 0.0798515 0.0486775 0.811387
3 0.507287 0.666734 0.0950241 0.0575112 0.798891
11 0.409924 0.272457 0.0307542 0.0570383 0.782591
11 0.0237356 0.208325 0.0464508 0.0320065 0.769951
2 0.242462 0.325885 0.280947 0.213423 0.769559
11 0.713049 0.689923 0.042121 0.032431 0.763537
11 0.476468 0.332216 0.0267769 0.0487505 0.745497
3 0.341566 0.17964 0.0413806 0.0646814 0.729365
11 0.416627 0.0273993 0.0266176 0.0431898 0.71248
11 0.578411 0.868773 0.0232922 0.0477604 0.703305
11 0.485606 0.380093 0.0246088 0.0440112 0.685091
11 0.584161 0.915968 0.0209719 0.0438542 0.659512
3 0.444485 0.71882 0.0516148 0.0657967 0.658139
2 0.770506 0.915592 0.231499 0.168589 0.656858
11 0.324867 0.781985 0.0401296 0.0321603 0.654793
3 0.515689 0.768782 0.0714256 0.0469334 0.654048
11 0.664918 0.699902 0.0451193 0.0289946 0.6521
11 0.587362 0.967846 0.0265104 0.0558571 0.637421
2 0.105283 0.0520469 0.148052 0.104027 0.595053
7 0.155995 0.823826 0.0492133 0.0296497 0.559156
3 0.579745 0.696909 0.0418934 0.0742035 0.539247
11 0.28482 0.797401 0.0414991 0.0285505 0.525655
11 0.412996 0.0120155 0.0298209 0.023508 0.480728
11 0.786698 0.675518 0.0402203 0.0287317 0.474346
11 0.881349 0.658736 0.0403705 0.0256467 0.469259
11 0.573221 0.822915 0.0216051 0.0316827 0.445173
11 0.412332 0.00538805 0.0307425 0.0107761 0.440843
11 0.328957 0.00694346 0.0357407 0.0138869 0.341156
11 0.908793 0.0354165 0.0346485 0.0221912 0.337724
2 0.792027 0.500169 0.407985 0.258252 0.328143
2 0.903566 0.831436 0.19241 0.328849 0.316852
11 0.832509 0.671258 0.0435892 0.0266998 0.311381
11 0.467854 0.28739 0.0222579 0.033767 0.290852
11 0.156571 0.823795 0.0491069 0.0296799 0.251715
