2 0.233356 0.110614 0.142814 0.140937 0.929065
2 0.711386 0.330283 0.179194 0.141796 0.874642
7 0.511739 0.275263 0.0333908 0.0712625 0.864508
7 0.460808 0.611383 0.0311663 0.0603193 0.83002
2 0.0841021 0.185343 0.110731 0.0847654 0.811352
2 0.625728 0.820895 0.238525 0.343614 0.804828
11 0.543635 0.443155 0.0247037 0.042791 0.780637
2 0.0694047 0.460238 0.138809 0.127857 0.777748
2 0.0284533 0.32091 0.0568964 0.1585 0.776655
2 0.66738 0.591398 0.210803 0.132132 0.775239
2 0.330099 0.844031 0.169467 0.159797 0.749604
2 0.429208 0.0462031 0.197373 0.0923565 0.719997
2 0.0761103 0.0208601 0.105811 0.0416401 0.694532
2 0.655974 0.45131 0.135044 0.104852 0.682372
2 0.850913 0.452791 0.254325 0.132976 0.669793
2 0.246738 0.95434 0.300136 0.0904446 0.618139
2 0.385882 0.4789 0.147096 0.140786 0.608703
2 0.703029 0.0716789 0.124079 0.113668 0.602868
2 0.356551 0.592425 0.180409 0.119992 0.593577
11 0.586961 0.119907 0.029096 0.0512889 0.590078
2 0.809745 0.199281 0.38051 0.215935 0.498987
2 0.344147 0.710188 0.16381 0.137368 0.478851
2 0.428629 0.256511 0.103961 0.119055 0.463284
2 0.208111 0.339588 0.153767 0.137881 0.441396
2 0.833775 0.0156288 0.116058 0.0312575 0.410445
2 0.0556045 0.0747253 0.0985432 0.0960662 0.394585
2 0.718599 0.0206911 0.126229 0.0412734 0.388041
2 0.951982 0.0380884 0.0960363 0.0760784 0.365812
2 0.679988 0.184929 0.121502 0.138439 0.27342
2 0.0380711 0.990872 0.0755365 0.0182556 0.264466
2 0.386296 0.361178 0.183061 0.124188 0.252395
