2 0.132548 0.079289 0.125757 0.095997 0.881704
2 0.156458 0.507908 0.118904 0.137756 0.851424
11 0.323106 0.837086 0.0364363 0.0423893 0.822556
2 0.335715 0.617084 0.0728241 0.12808 0.779922
2 0.0789256 0.824007 0.130229 0.157008 0.779003
2 0.335019 0.213449 0.13907 0.166734 0.77482
7 0.13621 0.687865 0.0552391 0.0511337 0.704429
2 0.253289 0.962116 0.0900923 0.0757674 0.693279
2 0.491052 0.48068 0.125625 0.101491 0.657613
2 0.0193317 0.0731288 0.0384558 0.138077 0.64256
11 0.189184 0.824382 0.0292063 0.047279 0.602159
2 0.228532 0.191766 0.106267 0.144917 0.588891
11 0.908971 0.970711 0.0477051 0.0396564 0.550457
2 0.0297219 0.427422 0.0594438 0.209593 0.506345
7 0.474053 0.713468 0.028224 0.0509865 0.473587
11 0.90473 0.990398 0.0430153 0.0192044 0.461309
2 0.0154044 0.747227 0.0307038 0.143127 0.373854
2 0.03257 0.475618 0.06514 0.114493 0.261403
