2 0.22437 0.45559 0.445873 0.221397 0.914725
2 0.885902 0.0664412 0.22694 0.132882 0.831769
2 0.472723 0.152837 0.252107 0.218798 0.816051
11 0.546864 0.367986 0.051577 0.0378756 0.777185
11 0.277237 0.206424 0.046999 0.0344666 0.766808
2 0.788163 0.647562 0.42085 0.254815 0.755142
11 0.405959 0.262447 0.0465666 0.0349955 0.745868
7 0.188281 0.22486 0.0730968 0.0451278 0.715798
11 0.612116 0.399399 0.0402052 0.0299825 0.688817
11 0.0904326 0.102621 0.0324636 0.042432 0.677204
11 0.503679 0.409801 0.0373293 0.0516919 0.677166
11 0.73943 0.235278 0.0510433 0.0411549 0.67609
11 0.570407 0.326811 0.0581847 0.0378265 0.64148
11 0.127671 0.0156475 0.0356172 0.031295 0.627776
11 0.792912 0.496954 0.0428383 0.0295441 0.583114
2 0.921923 0.353736 0.151174 0.109618 0.580901
11 0.107199 0.0550249 0.0351847 0.0454254 0.567672
11 0.482157 0.344154 0.0383974 0.029571 0.563374
2 0.451735 0.862233 0.744894 0.275376 0.516396
2 0.852395 0.308817 0.20439 0.150814 0.490727
2 0.468533 0.918633 0.719628 0.160903 0.455362
11 0.663414 0.416052 0.0428751 0.0296468 0.432787
2 0.318681 0.0694301 0.13974 0.13886 0.41546
11 0.321577 0.222463 0.04673 0.0362207 0.408618
11 0.365045 0.244219 0.040602 0.0331709 0.392877
2 0.0895553 0.756018 0.178552 0.33397 0.373834
3 0.680786 0.31466 0.100283 0.0838978 0.296756
2 0.888371 0.929954 0.223257 0.140092 0.28951
11 0.121952 0.0149666 0.0376558 0.0297852 0.26404
