11 0.528369 0.050767 0.0283169 0.0508793 0.793931
11 0.655087 0.164434 0.0250281 0.0427103 0.759814
11 0.685724 0.242808 0.0443188 0.0243328 0.710534
11 0.536369 0.515269 0.0276671 0.0452696 0.696916
11 0.732748 0.235269 0.0404127 0.0251534 0.695227
11 0.547023 0.421653 0.0259634 0.0439831 0.672243
2 0.862638 0.357475 0.171282 0.213897 0.664627
11 0.679215 0.161713 0.0255917 0.0417076 0.661008
11 0.777141 0.228914 0.0445884 0.0251615 0.645062
11 0.637727 0.252619 0.0413535 0.0239494 0.629422
2 0.896849 0.622949 0.206301 0.754102 0.599663
2 0.03022 0.178195 0.059945 0.356391 0.578204
11 0.185801 0.313527 0.0295412 0.0440555 0.545802
11 0.884891 0.17433 0.0445545 0.0245298 0.474428
2 0.839169 0.115337 0.250567 0.147263 0.465375
11 0.60704 0.959753 0.0299962 0.0402856 0.43656
2 0.902289 0.716483 0.195422 0.558206 0.332751
2 0.431286 0.499032 0.222578 0.95101 0.328493
11 0.906625 0.210902 0.0402557 0.026566 0.292567
