2 0.216392 0.24885 0.432784 0.244434 0.860333
7 0.841652 0.656025 0.0467056 0.0585783 0.858577
3 0.336924 0.652063 0.061686 0.0886079 0.840464
7 0.785087 0.764695 0.0479915 0.0575507 0.825178
11 0.405295 0.914269 0.0283192 0.0431458 0.773837
11 0.740004 0.767168 0.0330782 0.0416382 0.771665
11 0.793333 0.917669 0.0366729 0.040379 0.769266
11 0.685488 0.859179 0.032381 0.0412106 0.769179
11 0.637722 0.246515 0.0326169 0.0470889 0.767248
11 0.926012 0.407959 0.0376059 0.0473739 0.766363
11 0.980357 0.281877 0.0360591 0.0475186 0.765139
11 0.798599 0.658792 0.0356451 0.0469008 0.762487
11 0.824576 0.603712 0.0389271 0.0490383 0.756158
11 0.862239 0.948898 0.0396215 0.0438431 0.72794
11 0.715323 0.874308 0.0327267 0.0376164 0.724027
11 0.552104 0.980918 0.0363641 0.0381636 0.724004
11 0.712762 0.814431 0.0344871 0.0422245 0.702616
6 0.943561 0.786281 0.112877 0.154417 0.69631
11 0.846729 0.901765 0.0383751 0.0431316 0.69386
11 0.553777 0.467472 0.0419518 0.0537586 0.692776
11 0.620148 0.952437 0.0365277 0.043533 0.668768
2 0.443448 0.123525 0.333635 0.24705 0.666649
11 0.865787 0.820581 0.0391609 0.0459056 0.664897
11 0.879144 0.484268 0.0391947 0.0531615 0.656566
11 0.743876 0.824954 0.0362141 0.0479397 0.655094
11 0.960578 0.328975 0.0277538 0.0435664 0.649817
11 0.757162 0.216471 0.0354957 0.0464559 0.644318
11 0.950518 0.880342 0.0438461 0.0533282 0.621144
7 0.526149 0.406656 0.0494334 0.0634345 0.616595
11 0.456052 0.897852 0.0305916 0.0500433 0.590813
11 0.853672 0.52834 0.034355 0.0495945 0.551534
11 0.641147 0.978426 0.0375804 0.0420568 0.547597
11 0.652838 0.838066 0.0376951 0.0497751 0.505155
11 0.423917 0.850055 0.0317845 0.049012 0.499791
11 0.472424 0.993311 0.0353391 0.0133788 0.469652
11 0.989743 0.338294 0.0202034 0.0478304 0.435993
6 0.785501 0.972528 0.101504 0.054944 0.423013
11 0.732708 0.722924 0.0383793 0.0506738 0.3356
3 0.37292 0.531649 0.0591276 0.068792 0.333752
11 0.414647 0.740521 0.0452935 0.0524708 0.333741
11 0.776411 0.17452 0.0378084 0.0434964 0.286438
11 0.986568 0.335585 0.026564 0.044359 0.270163
