2 0.788606 0.69023 0.130178 0.153101 0.914547
2 0.826095 0.51694 0.140219 0.14643 0.901086
2 0.706967 0.855687 0.135202 0.151006 0.86523
2 0.128888 0.311454 0.0994014 0.120499 0.754922
2 0.123185 0.641843 0.150074 0.141269 0.741302
2 0.860977 0.240928 0.278047 0.477241 0.729953
2 0.198032 0.43998 0.102971 0.121962 0.650394
2 0.56407 0.0961067 0.433798 0.192183 0.604072
2 0.387019 0.67058 0.293887 0.658841 0.582135
2 0.113741 0.753973 0.101207 0.112382 0.582043
11 0.220636 0.763998 0.0381438 0.0268848 0.578548
2 0.087362 0.856688 0.104137 0.113325 0.551865
11 0.214828 0.804327 0.0388603 0.0286083 0.426389
2 0.151771 0.0967362 0.165812 0.111505 0.393972
2 0.191428 0.4613 0.11608 0.162657 0.317057
2 0.128244 0.095451 0.118589 0.105965 0.264774
