2 0.61202 0.3967 0.133661 0.119221 0.86753
2 0.143404 0.57647 0.193377 0.117855 0.863533
2 0.191911 0.123526 0.120486 0.111139 0.854729
11 0.666799 0.202405 0.0479391 0.0299378 0.783977
2 0.0788068 0.127979 0.150733 0.117635 0.778661
2 0.432202 0.392798 0.0692995 0.115749 0.727136
11 0.619463 0.199012 0.0459037 0.0285136 0.707622
2 0.569574 0.0903482 0.653942 0.180696 0.707322
11 0.518407 0.198993 0.0451851 0.0316742 0.673259
11 0.470996 0.197879 0.0430042 0.0275805 0.662484
2 0.909071 0.468488 0.181637 0.247424 0.652529
7 0.369442 0.20397 0.0632245 0.032656 0.56262
7 0.727338 0.205958 0.0622098 0.0327588 0.532861
2 0.146037 0.428495 0.194148 0.190912 0.52239
11 0.145653 0.305965 0.0453892 0.0243768 0.515198
11 0.337416 0.313456 0.0472688 0.0245393 0.508317
11 0.777348 0.319006 0.0427803 0.0248256 0.495812
11 0.423603 0.199868 0.0443672 0.0286911 0.479736
2 0.508491 0.656806 0.234522 0.344575 0.436892
2 0.0283891 0.391786 0.0567455 0.130526 0.410894
11 0.422629 0.22233 0.047059 0.0235685 0.350688
2 0.321026 0.39839 0.165007 0.1278 0.314177
