11 0.905986 0.725756 0.0512551 0.0302054 0.845732
3 0.0346588 0.613297 0.0693175 0.057477 0.83653
11 0.292349 0.731227 0.0426855 0.0295824 0.779432
11 0.646866 0.402893 0.0237953 0.0443952 0.768611
11 0.683892 0.659628 0.041943 0.0271042 0.732866
11 0.960038 0.294586 0.0388348 0.0333997 0.707022
11 0.719377 0.394592 0.0211624 0.0451035 0.692008
11 0.251441 0.667068 0.0417673 0.0294472 0.686491
2 0.866764 0.0630519 0.266472 0.126033 0.664131
11 0.913281 0.345272 0.0385613 0.042355 0.659126
11 0.814127 0.39391 0.0212236 0.0420684 0.645708
3 0.158052 0.682616 0.0499799 0.0811315 0.63264
11 0.793478 0.393256 0.0192064 0.0377741 0.62899
11 0.855834 0.37896 0.0281845 0.0366595 0.621864
11 0.778254 0.98276 0.0426588 0.0210201 0.610788
11 0.690527 0.248263 0.0429418 0.0238437 0.593176
11 0.697556 0.400992 0.0175129 0.0390763 0.59021
11 0.98245 0.227882 0.0350725 0.0292936 0.569486
2 0.219004 0.32872 0.304183 0.65744 0.562025
11 0.576836 0.985451 0.0420873 0.0260474 0.550801
11 0.844378 0.659313 0.0418419 0.0230179 0.526306
2 0.827535 0.50768 0.344162 0.29268 0.473779
11 0.499808 0.691028 0.0397736 0.0289482 0.473767
11 0.465059 0.733221 0.024835 0.0266516 0.467056
11 0.556592 0.4197 0.0329147 0.0248674 0.463039
2 0.826323 0.566634 0.347355 0.175462 0.462691
11 0.00559745 0.540481 0.0111949 0.0512709 0.458538
11 0.966005 0.980548 0.0334296 0.0241377 0.443725
2 0.0163583 0.888119 0.032352 0.139701 0.442607
11 0.569544 0.352393 0.0305933 0.026231 0.433629
11 0.69259 0.225855 0.0369144 0.0213584 0.410009
11 0.62124 0.0663962 0.0282885 0.0301041 0.393857
11 0.551977 0.443043 0.0301793 0.0261063 0.38093
11 0.575185 0.330687 0.0286274 0.0210863 0.374418
11 0.562027 0.395481 0.030703 0.0291566 0.350216
11 0.563914 0.730655 0.0363856 0.0266798 0.32771
11 0.595747 0.232983 0.0329619 0.0245373 0.297091
2 0.165779 0.116978 0.244112 0.233179 0.290291
11 0.56238 0.375535 0.0299016 0.0257448 0.252046
