2 0.787028 0.291563 0.251753 0.244056 0.923403
2 0.677616 0.721308 0.277639 0.275432 0.898113
11 0.882071 0.96553 0.0525524 0.0326019 0.860758
2 0.256942 0.660255 0.166168 0.148874 0.86059
11 0.611888 0.366787 0.0263968 0.0374175 0.823065
11 0.674076 0.468568 0.0405865 0.0440141 0.801557
11 0.636613 0.426532 0.0376217 0.0466501 0.795187
11 0.0345076 0.861992 0.0387327 0.0418759 0.789758
11 0.967266 0.762629 0.0410359 0.0413951 0.772553
3 0.877115 0.684954 0.0437096 0.0659167 0.751018
11 0.660452 0.886858 0.0386082 0.043544 0.732668
2 0.9557 0.905407 0.0885992 0.118201 0.728142
11 0.138948 0.97742 0.0325146 0.0349568 0.721597
2 0.497186 0.513292 0.187688 0.182703 0.719148
2 0.0818304 0.793938 0.124571 0.130331 0.717893
11 0.617034 0.798452 0.042091 0.0433834 0.713149
2 0.876724 0.436698 0.161995 0.155127 0.669536
11 0.700989 0.924386 0.0398433 0.0392444 0.651304
2 0.724252 0.058951 0.27017 0.117902 0.641491
11 0.990304 0.797537 0.0193226 0.042053 0.631337
2 0.842402 0.819167 0.124542 0.140455 0.607965
11 0.580762 0.275955 0.0357126 0.05317 0.603163
2 0.686404 0.972602 0.132994 0.054796 0.59623
2 0.14563 0.910807 0.0943672 0.0955597 0.561256
11 0.545335 0.712229 0.0455702 0.0482912 0.56089
7 0.10167 0.938099 0.0485092 0.0546818 0.532807
2 0.276309 0.869822 0.112735 0.109278 0.513053
11 0.00975184 0.825315 0.0195037 0.0443142 0.493606
11 0.92485 0.991686 0.0417849 0.0166288 0.490124
2 0.925047 0.567248 0.149773 0.175508 0.4755
11 0.10158 0.938554 0.0495377 0.0537132 0.430333
11 0.597482 0.326508 0.0293145 0.0418484 0.421763
11 0.838114 0.634182 0.0405655 0.0391503 0.408692
2 0.78033 0.0592583 0.388186 0.118517 0.327404
11 0.8291 0.913963 0.0473181 0.0342247 0.290154
2 0.13163 0.559028 0.26326 0.331006 0.285918
11 0.761634 0.554449 0.037087 0.0361597 0.277813
2 0.624931 0.534555 0.0960724 0.0957283 0.26772
2 0.174035 0.485741 0.187583 0.189676 0.256938
