2 0.574708 0.132285 0.118167 0.106689 0.900428
3 0.869142 0.353863 0.096232 0.0515981 0.864383
2 0.621765 0.0423227 0.124486 0.0843421 0.863391
11 0.559071 0.903772 0.0498208 0.0374756 0.859565
11 0.796242 0.872079 0.0416978 0.0357613 0.855438
2 0.0412043 0.0530835 0.0821674 0.106167 0.852973
11 0.554567 0.478804 0.0487606 0.0344166 0.839288
11 0.765667 0.275809 0.0507811 0.0353453 0.819513
2 0.211749 0.232996 0.100433 0.0797734 0.818545
2 0.311674 0.056798 0.107752 0.0913997 0.804928
11 0.608935 0.446538 0.0337736 0.0469632 0.798843
2 0.169942 0.113984 0.125019 0.0709548 0.79718
3 0.82737 0.454359 0.0576514 0.10315 0.779767
11 0.93823 0.226772 0.0262985 0.0478363 0.750638
11 0.984696 0.328081 0.0275177 0.0486724 0.743542
2 0.304647 0.164165 0.125605 0.0985015 0.740136
11 0.602557 0.941665 0.0485409 0.0393641 0.73606
2 0.440234 0.381511 0.118974 0.0633593 0.731307
2 0.606215 0.262913 0.131934 0.0778579 0.704887
2 0.0314321 0.270051 0.0628438 0.123662 0.684999
11 0.980289 0.019649 0.0256085 0.0392979 0.671876
11 0.716631 0.268057 0.0451638 0.0317261 0.645236
11 0.947482 0.0179741 0.025325 0.0357957 0.596443
3 0.90149 0.493805 0.0924083 0.0627214 0.573717
2 0.406333 0.0213415 0.114615 0.0425655 0.566988
11 0.959183 0.32915 0.028278 0.0481423 0.555862
2 0.180594 0.443639 0.119624 0.0739071 0.546704
2 0.606745 0.289613 0.133285 0.132206 0.520479
2 0.251989 0.40838 0.109309 0.0853667 0.462532
2 0.416386 0.441841 0.151451 0.0826225 0.445999
7 0.766313 0.104347 0.0685345 0.0349325 0.393109
