2 0.282388 0.104267 0.216223 0.207314 0.871403
3 0.0748936 0.214918 0.118028 0.0467285 0.840008
2 0.558913 0.974721 0.120816 0.0505571 0.795687
2 0.42559 0.53216 0.33049 0.447614 0.789658
2 0.735677 0.969088 0.118168 0.0613392 0.76245
3 0.0862284 0.347497 0.0954254 0.0513076 0.740364
11 0.044467 0.484953 0.0254464 0.0445912 0.737938
11 0.527404 0.780676 0.019857 0.0435995 0.734567
2 0.865023 0.86828 0.269954 0.0967694 0.667516
11 0.587005 0.780189 0.0280394 0.0479641 0.652561
2 0.96355 0.966234 0.0728995 0.0671451 0.634403
11 0.497698 0.782588 0.0241416 0.052681 0.60923
11 0.399048 0.782192 0.022605 0.0437145 0.606405
11 0.0715535 0.897884 0.0195188 0.0385345 0.554903
7 0.451136 0.786614 0.0302872 0.0599962 0.546431
11 0.0554364 0.64263 0.0234263 0.0450349 0.536903
7 0.0263449 0.168436 0.0288187 0.0646589 0.527675
11 0.553749 0.777594 0.0222068 0.0434742 0.51699
11 0.122965 0.628575 0.026942 0.0464157 0.46854
11 0.0760914 0.989312 0.0269643 0.021368 0.445809
11 0.424726 0.784248 0.0230854 0.049565 0.431324
11 0.113584 0.982121 0.0235369 0.035759 0.429482
2 0.792073 0.525495 0.41552 0.453227 0.415903
2 0.831635 0.980138 0.0858544 0.0397241 0.401502
11 0.283039 0.794116 0.0238762 0.0598361 0.391301
11 0.504922 0.294656 0.0481563 0.0244387 0.387011
2 0.329312 0.952408 0.158372 0.0951834 0.383536
11 0.370673 0.783572 0.0238273 0.0440767 0.36357
11 0.0609211 0.751562 0.0171266 0.027084 0.360315
11 0.0518749 0.58607 0.0203341 0.0459488 0.353446
2 0.931399 0.0959924 0.137201 0.190556 0.325321
11 0.417725 0.29699 0.0623654 0.027593 0.270642
3 0.162049 0.268528 0.0449185 0.0669732 0.25989
