6 0.154565 0.623914 0.125047 0.0832565 0.897417
2 0.902224 0.145784 0.142165 0.11093 0.894464
2 0.201265 0.216945 0.142197 0.143654 0.877301
6 0.124825 0.961345 0.129899 0.0539512 0.867563
2 0.596915 0.0473531 0.126857 0.0947062 0.862836
2 0.663105 0.245691 0.195398 0.139885 0.857455
2 0.395202 0.22842 0.119269 0.139507 0.851414
2 0.0528895 0.474233 0.105482 0.144974 0.832239
11 0.242157 0.367438 0.0486858 0.0388705 0.825417
2 0.934393 0.530132 0.10951 0.128874 0.787552
3 0.349955 0.471467 0.0954099 0.0821771 0.776089
11 0.847544 0.31482 0.0413121 0.0282333 0.750743
11 0.300468 0.90423 0.0262099 0.0394602 0.699601
3 0.0398449 0.720505 0.0764292 0.112061 0.46538
11 0.995788 0.320592 0.0084234 0.0354182 0.398875
2 0.583553 0.72618 0.167037 0.136404 0.344043
7 0.102715 0.758811 0.0187144 0.0437548 0.341306
