11 0.199911 0.974628 0.0418649 0.0326839 0.836344
2 0.436605 0.536679 0.349881 0.553889 0.834395
11 0.697455 0.731921 0.0286096 0.0417286 0.812625
11 0.130052 0.958525 0.0491814 0.0343309 0.805458
11 0.762732 0.585691 0.0324484 0.0470607 0.80165
11 0.760238 0.653068 0.0300607 0.0447653 0.801546
11 0.651558 0.593804 0.0343685 0.0533038 0.789135
11 0.715424 0.569165 0.0316252 0.0515053 0.741492
11 0.239183 0.983432 0.036081 0.0302904 0.723903
11 0.688215 0.777643 0.0278747 0.0425682 0.698817
11 0.655325 0.711617 0.0289244 0.0432819 0.687896
11 0.753007 0.812242 0.0267527 0.0357921 0.654025
2 0.969877 0.0872204 0.0602457 0.163031 0.627747
11 0.0917085 0.945092 0.0370271 0.0288656 0.612497
11 0.692569 0.561939 0.0355584 0.0485242 0.585692
11 0.724708 0.614586 0.0319265 0.0443958 0.583967
11 0.569753 0.57344 0.0270739 0.0432005 0.565054
11 0.549124 0.888841 0.0310034 0.0247631 0.560819
11 0.672883 0.727428 0.0286005 0.0443894 0.429139
11 0.695881 0.613537 0.0334128 0.0458483 0.425364
11 0.490884 0.80213 0.0260376 0.0336173 0.425109
11 0.274868 0.990697 0.0358755 0.0186064 0.421829
11 0.582631 0.537641 0.0304299 0.0371828 0.405784
11 0.724636 0.797111 0.0325013 0.0430828 0.359728
11 0.605342 0.69588 0.0309479 0.0404095 0.357704
11 0.319018 0.994978 0.0386093 0.0100445 0.348042
11 0.741983 0.633788 0.0315194 0.0451689 0.334084
11 0.707732 0.566916 0.0390082 0.0503735 0.326487
2 0.839445 0.294948 0.320494 0.353255 0.300802
