6 0.0987022 0.301326 0.114302 0.100469 0.932628
11 0.276199 0.102666 0.0428369 0.0443563 0.854023
11 0.187432 0.22095 0.0452109 0.0461896 0.848401
11 0.413867 0.030775 0.0488692 0.0512936 0.837803
10 0.909065 0.865019 0.18187 0.264167 0.827052
11 0.0325589 0.194166 0.0485686 0.0494632 0.814661
6 0.0638321 0.636855 0.0629171 0.127056 0.801321
11 0.137788 0.174724 0.0467515 0.047724 0.800799
11 0.120924 0.231588 0.0430986 0.0447934 0.796776
10 0.56687 0.358041 0.154349 0.162902 0.792258
11 0.311471 0.0249946 0.0463646 0.0473906 0.770398
11 0.042348 0.255682 0.0411963 0.0461841 0.766915
11 0.226175 0.140367 0.044041 0.0470906 0.755072
7 0.192332 0.128106 0.0574891 0.0599022 0.742125
3 0.0186806 0.943235 0.0373613 0.112743 0.687948
10 0.574043 0.11178 0.116696 0.115433 0.683018
3 0.0802193 0.812414 0.068295 0.0767205 0.681598
3 0.0414774 0.488181 0.0827267 0.0756255 0.681258
10 0.636535 0.512708 0.422858 0.31726 0.675391
11 0.201594 0.0498045 0.0482827 0.0494347 0.668883
10 0.857705 0.783842 0.0726361 0.0825263 0.663681
7 0.236722 0.941561 0.0519301 0.0535526 0.634342
11 0.0481076 0.987194 0.0499748 0.0254345 0.574345
11 0.0185808 0.315815 0.0360517 0.0495407 0.563423
11 0.0896423 0.214209 0.0464198 0.0472649 0.56112
10 0.849174 0.845635 0.301652 0.304414 0.534301
11 0.236417 0.940866 0.0529864 0.0531998 0.49455
10 0.669539 0.47159 0.0777921 0.0845313 0.48608
10 0.919474 0.769015 0.0841717 0.0880809 0.470795
10 0.93296 0.942343 0.131053 0.115315 0.42475
11 0.00946107 0.309118 0.0189221 0.0499214 0.384147
10 0.73285 0.540706 0.233267 0.263295 0.350096
11 0.00567157 0.295146 0.0113431 0.0611422 0.335802
10 0.762851 0.772485 0.122532 0.181964 0.333855
10 0.908224 0.927564 0.0757889 0.0897377 0.333118
11 0.242835 0.0849912 0.0321772 0.037723 0.27905
