3 0.239718 0.218015 0.102115 0.0623782 0.787811
11 0.409738 0.585403 0.0333312 0.0436115 0.784666
3 0.372465 0.0571106 0.0514608 0.113072 0.771855
2 0.214934 0.60375 0.394697 0.565641 0.74294
11 0.356688 0.428569 0.0304153 0.0393217 0.738816
11 0.388394 0.545557 0.0322615 0.0399404 0.719021
3 0.0739564 0.104927 0.103068 0.178902 0.707826
7 0.507184 0.0732637 0.0679233 0.0299438 0.692923
3 0.0602315 0.10127 0.0776448 0.167199 0.527916
3 0.051328 0.0626388 0.0616651 0.0927349 0.422823
2 0.416753 0.91303 0.247642 0.173646 0.377694
3 0.608959 0.896539 0.0730737 0.0594219 0.337647
2 0.0709173 0.854781 0.141835 0.247539 0.282509
11 0.0411663 0.208282 0.048275 0.0335021 0.258528
