11 0.551813 0.119256 0.0489054 0.0405677 0.845829
11 0.503747 0.0959317 0.0426671 0.0364107 0.809981
2 0.247329 0.786842 0.494658 0.425335 0.767328
11 0.692316 0.215869 0.0443745 0.0443354 0.760731
11 0.263007 0.0414351 0.0407198 0.0346859 0.755677
11 0.541303 0.965362 0.0305159 0.0460283 0.747916
2 0.769178 0.649998 0.209837 0.234802 0.7194
3 0.425947 0.0952512 0.0481464 0.0600823 0.718971
2 0.169203 0.0907811 0.107864 0.105931 0.667749
3 0.985549 0.588199 0.0287068 0.0683853 0.652038
11 0.920013 0.397536 0.0508148 0.0437313 0.59328
2 0.872689 0.060592 0.24101 0.121184 0.555031
11 0.67879 0.964433 0.0417292 0.0372656 0.502588
3 0.758715 0.309727 0.0452354 0.0594522 0.484776
7 0.920064 0.397345 0.0500427 0.0430051 0.411709
11 0.592534 0.634516 0.047837 0.0406771 0.37778
2 0.276872 0.459931 0.553745 0.600107 0.347001
2 0.251829 0.370763 0.503658 0.412352 0.325729
2 0.80013 0.55488 0.27015 0.413033 0.303427
2 0.575844 0.290905 0.115713 0.110094 0.288485
7 0.851527 0.346759 0.0512355 0.0520809 0.251135
