2 0.226162 0.064201 0.115341 0.117437 0.887326
2 0.658294 0.885119 0.179998 0.229169 0.878145
2 0.336736 0.885395 0.179813 0.228743 0.848447
2 0.950103 0.47582 0.0990761 0.361365 0.822391
11 0.0542685 0.6993 0.0410252 0.0286778 0.8092
2 0.946275 0.883963 0.107276 0.231416 0.800443
11 0.174894 0.854547 0.0227706 0.0461884 0.794908
11 0.0565455 0.630434 0.0455633 0.0307942 0.790115
2 0.0529503 0.0288222 0.105692 0.0576443 0.728425
11 0.757306 0.968631 0.0314453 0.0254059 0.690729
2 0.493151 0.109855 0.097601 0.0962145 0.598387
11 0.757868 0.990947 0.0349602 0.0179119 0.536333
2 0.309085 0.130235 0.0999469 0.0955693 0.499238
2 0.40395 0.128329 0.0987011 0.104407 0.464794
2 0.493031 0.137006 0.0983603 0.149788 0.450989
11 0.429692 0.986216 0.0223412 0.0258743 0.427615
11 0.437534 0.914525 0.0342476 0.0258675 0.417672
11 0.433001 0.889593 0.0289959 0.0232964 0.417646
11 0.763111 0.874851 0.03914 0.026371 0.353399
2 0.179308 0.447278 0.282655 0.342209 0.258531
11 0.0561971 0.74246 0.0475831 0.0246594 0.257304
2 0.712705 0.343711 0.176797 0.18376 0.251545
