2 0.408049 0.236108 0.252615 0.250037 0.951884
2 0.124391 0.527441 0.248783 0.246671 0.950498
11 0.619543 0.135008 0.0304445 0.0458253 0.850763
11 0.15343 0.721304 0.0478737 0.0288563 0.843279
11 0.05003 0.717703 0.0455616 0.0295101 0.819549
11 0.699164 0.364738 0.0291288 0.0480786 0.812625
7 0.778661 0.246451 0.0584499 0.0442784 0.797584
11 0.0991052 0.719644 0.0431525 0.0269112 0.786573
11 0.033067 0.875736 0.0243836 0.0463089 0.784901
11 0.205975 0.721644 0.0483518 0.0283325 0.784206
11 0.391 0.42675 0.021442 0.042781 0.783078
11 0.598995 0.0790234 0.0348812 0.0532583 0.77526
11 0.857209 0.439212 0.0308777 0.0463584 0.772442
7 0.705857 0.0684798 0.0614161 0.0450035 0.768152
3 0.831992 0.921274 0.0802525 0.0417013 0.75178
11 0.334039 0.529515 0.0215181 0.0398878 0.739085
11 0.685418 0.31347 0.0300024 0.0487859 0.731799
7 0.731696 0.136966 0.0605557 0.0425224 0.731526
11 0.444543 0.427123 0.0479706 0.0281982 0.729142
11 0.331417 0.584195 0.0228623 0.0458772 0.700737
11 0.899162 0.63705 0.0291002 0.0454346 0.694821
11 0.128714 0.876521 0.0243837 0.0467739 0.68434
11 0.909613 0.683306 0.027359 0.0448229 0.665015
11 0.637043 0.177944 0.0301571 0.04085 0.659025
11 0.35542 0.0546341 0.0332966 0.0405236 0.647414
3 0.783915 0.582799 0.0610592 0.048288 0.645354
11 0.367388 0.428058 0.0210825 0.0443485 0.644024
11 0.28101 0.78131 0.0411878 0.0240485 0.633064
11 0.264697 0.888387 0.0279821 0.0459484 0.629991
11 0.746837 0.173052 0.0492285 0.0369066 0.626745
11 0.921947 0.783438 0.0282921 0.046717 0.623325
11 0.236715 0.779544 0.0388767 0.0257114 0.6113
11 0.101377 0.872768 0.0267525 0.0491383 0.604543
11 0.172722 0.879228 0.0222562 0.0416712 0.596244
11 0.652979 0.21746 0.0291562 0.0424242 0.591525
11 0.681924 0.00970927 0.0549918 0.0193584 0.590221
11 0.722171 0.106865 0.0482532 0.0348008 0.586743
11 0.448752 0.455836 0.0482772 0.0268968 0.530168
11 0.668217 0.266691 0.0307419 0.0479612 0.530016
11 0.915462 0.730493 0.026371 0.0445978 0.52975
11 0.883699 0.723926 0.0263325 0.0466715 0.509113
2 0.911358 0.145964 0.177088 0.291929 0.484796
7 0.915274 0.729702 0.0271473 0.046556 0.438995
7 0.883812 0.724025 0.0275211 0.0477015 0.424711
3 0.914028 0.951307 0.0474533 0.0391619 0.408909
11 0.220841 0.885694 0.0229169 0.0365246 0.405451
11 0.761516 0.209633 0.0478744 0.036916 0.390647
7 0.681811 0.0091159 0.0548355 0.0182295 0.379441
11 0.696704 0.036841 0.0468361 0.0320999 0.318277
7 0.909588 0.68322 0.0271965 0.0453159 0.2862
3 0.862944 0.564857 0.0571627 0.0482477 0.276117
11 0.255285 0.724775 0.0387973 0.0259451 0.275376
11 0.111976 0.990236 0.0234595 0.0194996 0.26603
11 0.138177 0.994055 0.0267518 0.0118904 0.256396
