2 0.787786 0.240919 0.147306 0.14842 0.743276
2 0.861509 0.556572 0.195345 0.311053 0.741139
2 0.477704 0.069623 0.225889 0.139246 0.739591
2 0.96279 0.0425762 0.0744192 0.0841315 0.721094
2 0.0814823 0.309252 0.161612 0.315915 0.66795
3 0.982597 0.826888 0.0347824 0.0896737 0.619938
2 0.399743 0.947945 0.160013 0.10411 0.597875
2 0.91324 0.950374 0.17352 0.0992518 0.557801
2 0.549618 0.857983 0.220078 0.272722 0.540229
2 0.70266 0.127437 0.106231 0.120957 0.516796
2 0.957717 0.28535 0.0843874 0.25593 0.501844
2 0.727597 0.731236 0.242449 0.246881 0.447855
2 0.541618 0.905033 0.203942 0.172827 0.382477
2 0.549514 0.372754 0.19611 0.166229 0.338652
2 0.686243 0.767517 0.15605 0.16619 0.266494
2 0.959777 0.315546 0.0803751 0.465487 0.264204
