11 0.759489 0.341677 0.0470587 0.0328729 0.866239
6 0.558922 0.31428 0.171546 0.060543 0.848068
6 0.934673 0.389575 0.130654 0.0614505 0.84453
11 0.0373562 0.790146 0.0286321 0.0503076 0.83221
11 0.0468621 0.566651 0.0254197 0.0425949 0.82704
11 0.828207 0.726609 0.0550629 0.0332817 0.826055
11 0.023145 0.62561 0.0262614 0.0492377 0.822537
6 0.885313 0.568595 0.189154 0.054306 0.821019
11 0.616935 0.804207 0.0542452 0.0322783 0.816831
11 0.111412 0.303529 0.0448473 0.027007 0.811901
11 0.293837 0.568244 0.0524674 0.0292636 0.806164
11 0.939605 0.777204 0.0559307 0.0331642 0.798862
11 0.0679589 0.860258 0.0314105 0.0446091 0.797065
11 0.219286 0.518718 0.0473823 0.0268941 0.79232
11 0.479466 0.57843 0.0541202 0.0331738 0.780719
11 0.423127 0.513559 0.0563972 0.0333422 0.779807
11 0.694816 0.332621 0.061299 0.0406852 0.775486
11 0.47014 0.330563 0.0483048 0.0329686 0.773745
11 0.015248 0.522612 0.0276051 0.0447954 0.765584
11 0.849149 0.594937 0.0463524 0.0305955 0.757238
11 0.0100716 0.222025 0.0201431 0.041885 0.750393
11 0.0379872 0.915645 0.0259668 0.0459725 0.741203
11 0.397714 0.318593 0.0571881 0.0351894 0.729877
11 0.736792 0.940386 0.0545495 0.0313953 0.701897
11 0.479609 0.754439 0.0634562 0.0384249 0.673183
11 0.00675759 0.383782 0.0135152 0.0462374 0.672819
11 0.198557 0.482284 0.057387 0.0353766 0.650712
11 0.404041 0.283131 0.0568352 0.0353176 0.611745
6 0.219795 0.263346 0.085486 0.0478513 0.610318
7 0.265151 0.301253 0.0546943 0.0331003 0.592614
7 0.327608 0.310078 0.0570086 0.0338025 0.575949
11 0.991765 0.438488 0.0164709 0.0357032 0.568434
11 0.994189 0.618505 0.011623 0.03572 0.53933
11 0.14825 0.308004 0.0276018 0.0253436 0.469489
11 0.183524 0.283873 0.0492538 0.0318487 0.463585
11 0.328334 0.309839 0.0576908 0.0335403 0.37871
11 0.265147 0.301131 0.056537 0.0345662 0.331188
