10 0.32473 0.816135 0.172155 0.142007 0.940498
2 0.347705 0.385325 0.286768 0.269563 0.882757
10 0.13309 0.942831 0.190314 0.114073 0.822326
11 0.316412 0.233749 0.0339919 0.0305519 0.802287
7 0.115596 0.692663 0.0375631 0.0651162 0.756067
3 0.916344 0.905205 0.0762045 0.0590309 0.746046
3 0.176867 0.688843 0.0869036 0.0907897 0.742037
2 0.531291 0.205159 0.257833 0.333604 0.700137
11 0.25257 0.170482 0.0325126 0.0338815 0.638618
2 0.873927 0.0588732 0.247045 0.117733 0.530867
2 0.214456 0.554429 0.270735 0.201461 0.464276
2 0.0914953 0.0425622 0.180662 0.0851114 0.456892
3 0.784187 0.297852 0.0410642 0.109799 0.418469
3 0.146605 0.802326 0.0677186 0.0840988 0.389774
11 0.260655 0.194661 0.0336733 0.0369029 0.333865
5 0.782716 0.630334 0.154955 0.73024 0.308892
11 0.29036 0.198464 0.0247077 0.0248476 0.302384
2 0.173647 0.498732 0.347293 0.302926 0.266211
2 0.0594063 0.432636 0.118692 0.175598 0.26243
