2 0.31959 0.367788 0.131058 0.13156 0.903201
11 0.935982 0.435508 0.0496891 0.0388651 0.855664
11 0.817121 0.469351 0.0427733 0.032986 0.809151
7 0.742221 0.461372 0.0673643 0.0413223 0.803734
2 0.308685 0.938125 0.109274 0.123149 0.802357
11 0.873991 0.453891 0.0487252 0.038159 0.800462
9 0.104307 0.796568 0.208614 0.288196 0.789611
3 0.483076 0.541715 0.0775183 0.127699 0.787466
2 0.117031 0.501857 0.202846 0.146957 0.787231
7 0.673426 0.700104 0.0579956 0.0398024 0.774503
7 0.759627 0.923565 0.0620907 0.0424599 0.769318
11 0.564797 0.512436 0.0471786 0.037848 0.764154
11 0.677258 0.514789 0.0489584 0.0342099 0.757072
11 0.534507 0.553425 0.0447919 0.0364742 0.746796
2 0.706578 0.779861 0.295362 0.214006 0.697658
2 0.930312 0.787476 0.139187 0.305268 0.695447
2 0.709449 0.218815 0.580696 0.437603 0.650499
11 0.103095 0.0502226 0.0462366 0.0295387 0.649244
7 0.73794 0.494587 0.0591746 0.0385371 0.554292
11 0.0435043 0.0682932 0.0471592 0.0297105 0.546528
11 0.62295 0.496331 0.0507188 0.0395253 0.503088
3 0.0208631 0.603752 0.0417263 0.0570392 0.488002
7 0.600971 0.725075 0.0526423 0.0341536 0.475737
2 0.167997 0.176641 0.335513 0.330497 0.450312
7 0.559873 0.647464 0.0486553 0.0355781 0.427305
11 0.67807 0.480516 0.0424615 0.0327673 0.376131
11 0.726128 0.684717 0.0430679 0.039015 0.373945
11 0.803055 0.994554 0.0434894 0.0108925 0.353317
11 0.594609 0.534048 0.0449368 0.0337515 0.351296
11 0.756222 0.666952 0.0377262 0.0250885 0.328441
2 0.172439 0.963306 0.125003 0.0733883 0.296919
2 0.893251 0.1344 0.213168 0.268677 0.292421
