11 0.243362 0.935911 0.0385388 0.0480076 0.84172
11 0.835691 0.59414 0.0414512 0.051339 0.81824
11 0.68426 0.402199 0.038226 0.0470967 0.81006
11 0.912639 0.730604 0.0359329 0.0490914 0.802768
11 0.863102 0.639598 0.0370239 0.0485874 0.794532
11 0.474121 0.0319063 0.039357 0.0477271 0.793052
11 0.963134 0.822707 0.0321928 0.0457088 0.792841
11 0.887748 0.687413 0.0333443 0.0468156 0.774982
11 0.83113 0.267001 0.0349281 0.0357182 0.76573
11 0.942359 0.778793 0.0347698 0.0478952 0.749769
3 0.697959 0.339004 0.0951146 0.0820791 0.739037
11 0.555839 0.180101 0.0346547 0.0442078 0.717153
2 0.238667 0.730249 0.383142 0.379668 0.706457
2 0.727784 0.164501 0.263994 0.227962 0.664684
11 0.501608 0.0811103 0.0346792 0.0419484 0.651231
7 0.547482 0.117328 0.0466412 0.063831 0.649897
11 0.168393 0.909545 0.0379664 0.0431795 0.63722
11 0.0291072 0.960081 0.0247748 0.0543121 0.594096
11 0.13982 0.896593 0.0449447 0.0449246 0.59119
11 0.195595 0.918631 0.0405659 0.0426404 0.576129
11 0.109075 0.980076 0.0329722 0.0398478 0.574324
11 0.0576351 0.975676 0.0270435 0.0481901 0.572453
11 0.00938619 0.884898 0.0187678 0.0321743 0.552907
11 0.00816023 0.953114 0.0163205 0.0496391 0.544022
11 0.659856 0.337739 0.0305184 0.0346613 0.516387
11 0.611303 0.26934 0.0401523 0.0395174 0.492894
2 0.951067 0.564068 0.0978669 0.2929 0.445636
11 0.405554 0.83123 0.0368017 0.0374398 0.42575
11 0.54755 0.117785 0.0454584 0.0624256 0.398826
2 0.951274 0.630463 0.0970841 0.426964 0.376848
7 0.109959 0.98048 0.0324867 0.038966 0.326379
3 0.767014 0.354293 0.0579651 0.0981361 0.323374
2 0.495116 0.858846 0.138117 0.258806 0.312482
11 0.987785 0.872016 0.0244299 0.0480267 0.293814
11 0.164474 0.905842 0.0399134 0.0420517 0.272624
2 0.0608822 0.0418998 0.121567 0.0837996 0.265358
