2 0.746945 0.299482 0.134881 0.130208 0.91499
2 0.145924 0.366306 0.260415 0.182178 0.900692
2 0.138235 0.648713 0.275587 0.165102 0.8943
2 0.658527 0.0578782 0.130693 0.109263 0.85312
2 0.524776 0.379877 0.306241 0.129528 0.852758
2 0.530935 0.697323 0.301576 0.134183 0.850747
2 0.0334778 0.0472147 0.0669016 0.0944293 0.850095
2 0.763084 0.64244 0.122123 0.0986104 0.848483
2 0.901303 0.688719 0.0910053 0.106653 0.834358
11 0.53528 0.46139 0.0218414 0.0415483 0.801025
2 0.91638 0.970296 0.0947078 0.0591785 0.785589
2 0.432987 0.0556402 0.151989 0.11128 0.777175
2 0.300331 0.0523384 0.0733867 0.103283 0.758428
11 0.286618 0.88307 0.0435985 0.0272766 0.747215
2 0.394844 0.971798 0.0873863 0.0560829 0.735536
11 0.612401 0.813984 0.0466091 0.0277557 0.724868
11 0.195201 0.513633 0.0225657 0.0365457 0.717331
11 0.968344 0.529283 0.0200518 0.0381325 0.713475
2 0.981002 0.959682 0.0379963 0.0806356 0.697784
2 0.91226 0.237869 0.102174 0.102234 0.676549
3 0.9686 0.814591 0.062801 0.0401954 0.656798
11 0.969596 0.765624 0.0217766 0.0426937 0.65524
2 0.569431 0.951224 0.252859 0.0970344 0.640684
11 0.967831 0.577786 0.0163021 0.0357586 0.609958
2 0.0543742 0.989987 0.108748 0.0198975 0.608581
11 0.962064 0.478872 0.0220131 0.0408758 0.604025
11 0.0123794 0.796777 0.0245297 0.0289575 0.58044
11 0.627551 0.461543 0.02436 0.0442432 0.573873
11 0.537723 0.625197 0.0214573 0.0393921 0.537347
2 0.795946 0.957909 0.0891227 0.0841823 0.480363
2 0.635395 0.145367 0.127565 0.0779461 0.470039
3 0.962517 0.0242724 0.0621925 0.0427526 0.438711
2 0.899071 0.147174 0.12892 0.0956753 0.434896
3 0.961288 0.391742 0.0264376 0.158308 0.335975
11 0.579856 0.458707 0.0259012 0.0410191 0.320179
11 0.221383 0.514098 0.0233782 0.0385193 0.312206
2 0.287794 0.966857 0.137066 0.0658606 0.257796
