11 0.706906 0.0880275 0.0395235 0.025866 0.780661
3 0.963696 0.713683 0.0726086 0.0524116 0.772498
3 0.912192 0.542084 0.0712752 0.0409628 0.695578
2 0.648208 0.662511 0.501129 0.581436 0.657163
3 0.663062 0.984462 0.0433195 0.0310768 0.51694
11 0.99184 0.580011 0.0163196 0.0479318 0.488729
11 0.994929 0.657457 0.0101423 0.0379549 0.456361
2 0.0930352 0.467137 0.18607 0.934274 0.449046
11 0.939706 0.0201209 0.0470642 0.0399513 0.420101
11 0.941091 0.417256 0.032087 0.0434723 0.337789
3 0.805923 0.284899 0.03528 0.101026 0.311076
11 0.779088 0.301621 0.0205758 0.0434019 0.250895
