2 0.577345 0.573575 0.191972 0.244545 0.8904
2 0.358385 0.156065 0.202748 0.181353 0.879813
2 0.821446 0.479858 0.203347 0.248026 0.872958
2 0.430249 0.937763 0.223326 0.124475 0.745297
11 0.27771 0.273736 0.0431433 0.0388901 0.71984
2 0.292124 0.777481 0.144816 0.14649 0.715002
2 0.922965 0.0263974 0.15407 0.0522237 0.665509
2 0.832169 0.10228 0.113856 0.11117 0.643706
11 0.271601 0.952213 0.0348848 0.0574581 0.624466
11 0.175889 0.128198 0.0448482 0.0420158 0.585827
2 0.912367 0.747923 0.175266 0.261345 0.585396
2 0.72093 0.899556 0.111047 0.114014 0.564568
2 0.0328328 0.108555 0.0655085 0.166803 0.523689
3 0.118713 0.0354999 0.0596542 0.0491856 0.47464
2 0.282327 0.453756 0.293129 0.245517 0.457913
2 0.0800879 0.475264 0.069131 0.111563 0.438449
2 0.960629 0.98069 0.0787428 0.0386194 0.433143
2 0.221158 0.65267 0.127761 0.185246 0.431948
2 0.0768434 0.685364 0.153054 0.259279 0.428854
2 0.630701 0.147851 0.326506 0.295106 0.418377
2 0.628711 0.78433 0.135605 0.121635 0.368775
2 0.223105 0.447379 0.177499 0.234071 0.341846
2 0.401298 0.80675 0.30956 0.167834 0.340644
2 0.57624 0.953629 0.0860093 0.0927422 0.322424
2 0.392496 0.296679 0.0782742 0.0703678 0.314387
2 0.0508499 0.931085 0.101673 0.133206 0.310178
2 0.733801 0.340786 0.262098 0.174842 0.296769
2 0.660719 0.231487 0.383406 0.462974 0.294313
2 0.221823 0.0208294 0.152668 0.0416589 0.28326
2 0.15416 0.849456 0.103697 0.127546 0.270154
2 0.940669 0.982795 0.118662 0.0343148 0.268136
2 0.010832 0.45523 0.021664 0.147275 0.262743
