2 0.818396 0.0944484 0.363208 0.188151 0.912935
2 0.512982 0.133462 0.138661 0.126173 0.813622
11 0.141146 0.575819 0.0245715 0.0425543 0.812345
11 0.147368 0.865249 0.027881 0.049728 0.790854
11 0.246015 0.979131 0.0294005 0.0415039 0.788126
11 0.164363 0.666812 0.0269191 0.0472606 0.775153
11 0.173827 0.963395 0.0252959 0.0452764 0.768639
11 0.115558 0.484444 0.0267689 0.046106 0.759401
11 0.12993 0.530672 0.024888 0.0457169 0.757438
11 0.178828 0.712988 0.0274256 0.0483951 0.750021
2 0.291579 0.130722 0.311039 0.191203 0.733858
11 0.136133 0.818544 0.0263709 0.0461096 0.717141
11 0.16095 0.915159 0.0298462 0.0519512 0.696735
2 0.966554 0.872099 0.0668923 0.25542 0.695654
3 0.0484236 0.413029 0.0757912 0.0695813 0.689421
2 0.0267174 0.164327 0.0534347 0.137616 0.682467
11 0.191947 0.760543 0.0295275 0.0488812 0.620333
2 0.306614 0.0181015 0.12527 0.0360969 0.483285
2 0.563579 0.651369 0.869485 0.697263 0.389885
2 0.542711 0.498226 0.914579 0.386023 0.314524
2 0.399283 0.658269 0.521255 0.683462 0.264518
