11 0.305108 0.540368 0.046591 0.040408 0.880829
11 0.757534 0.778295 0.044033 0.0442509 0.857167
11 0.554298 0.750405 0.0505308 0.0497095 0.83989
11 0.953943 0.15253 0.0316967 0.0477775 0.837636
11 0.254637 0.434036 0.0471005 0.0397114 0.836217
11 0.2716 0.732257 0.0500595 0.0366304 0.827215
11 0.482779 0.567715 0.0502403 0.04316 0.8253
11 0.970929 0.584495 0.0300329 0.0520535 0.81746
11 0.901057 0.90211 0.041029 0.0418623 0.814543
11 0.893316 0.524555 0.0370643 0.0464896 0.813196
6 0.701565 0.663681 0.147148 0.135226 0.811526
11 0.0694247 0.36182 0.0507383 0.0376538 0.798543
11 0.937125 0.6748 0.0293098 0.0553923 0.784043
11 0.964759 0.75176 0.0243282 0.0504496 0.725003
3 0.868588 0.0158107 0.0772686 0.0316215 0.694321
11 0.930338 0.731478 0.0286819 0.0495651 0.673444
2 0.390361 0.182751 0.779939 0.365502 0.672627
11 0.166977 0.247881 0.051649 0.0394022 0.568133
11 0.858512 0.270718 0.0336825 0.0570636 0.524361
2 0.0979782 0.965941 0.195956 0.068119 0.422484
11 0.122474 0.234799 0.0484659 0.0376039 0.379152
6 0.279979 0.395211 0.0967514 0.0544912 0.288682
