3 0.671128 0.497604 0.0916395 0.0559929 0.844994
7 0.499758 0.0251594 0.0396128 0.0503188 0.841233
2 0.158821 0.343728 0.17218 0.21885 0.83608
11 0.154104 0.708587 0.0327701 0.0478802 0.835942
3 0.799918 0.824335 0.0825413 0.0605889 0.834144
2 0.697642 0.0929125 0.23714 0.185392 0.818505
11 0.176639 0.765704 0.031697 0.0488478 0.818313
11 0.594391 0.195999 0.0301527 0.0490681 0.808868
11 0.600104 0.389045 0.0310486 0.0480428 0.800955
11 0.543155 0.228296 0.0294446 0.0439901 0.7999
11 0.857566 0.934266 0.0319086 0.0509501 0.794486
11 0.0682236 0.32507 0.0314059 0.0506439 0.791552
11 0.691558 0.643771 0.0283578 0.0435294 0.777315
7 0.793245 0.932682 0.0418242 0.0709703 0.772233
7 0.656624 0.549207 0.0397867 0.0553889 0.770279
11 0.527249 0.18663 0.0283948 0.0418844 0.770079
11 0.773909 0.874895 0.0268328 0.0405653 0.76797
11 0.258935 0.979492 0.0290732 0.0397698 0.766094
6 0.220305 0.869885 0.0570544 0.0974356 0.76479
11 0.877993 0.979036 0.0341288 0.039493 0.762767
11 0.63165 0.301425 0.028631 0.0473403 0.751452
11 0.7086 0.695622 0.0317118 0.0512324 0.750365
11 0.678366 0.600301 0.0263876 0.0407687 0.749772
11 0.035475 0.401138 0.035548 0.0531869 0.748563
2 0.377867 0.461791 0.466614 0.27223 0.746777
11 0.552426 0.0731583 0.0298759 0.0553566 0.741897
11 0.66714 0.398639 0.0280935 0.0466128 0.740077
11 0.715081 0.532886 0.0266669 0.0436219 0.728181
11 0.0135168 0.340259 0.0270336 0.0447463 0.707569
11 0.613058 0.247822 0.0297369 0.0500781 0.702233
2 0.611104 0.713872 0.197957 0.285925 0.669811
11 0.494983 0.0948491 0.0305962 0.0457123 0.668193
11 0.510124 0.140076 0.0302001 0.047117 0.646764
2 0.749101 0.328257 0.20946 0.147773 0.629848
11 0.0213153 0.206158 0.0304805 0.0447016 0.627543
7 0.569988 0.125348 0.0313974 0.0534287 0.62266
2 0.874186 0.694533 0.186639 0.174193 0.590163
2 0.412398 0.161258 0.194253 0.28729 0.587015
11 0.740255 0.600002 0.0304586 0.0549047 0.573804
2 0.51229 0.926337 0.261082 0.147327 0.563315
7 0.745904 0.797644 0.04602 0.0741608 0.541284
7 0.15118 0.54423 0.0420163 0.0620751 0.520147
2 0.0841953 0.15778 0.168391 0.225894 0.512293
2 0.82182 0.476954 0.217745 0.151209 0.497377
2 0.742345 0.282306 0.216754 0.243217 0.490274
2 0.946693 0.196099 0.106559 0.212333 0.472486
2 0.932617 0.909867 0.134767 0.179895 0.472425
11 0.577783 0.325949 0.0334387 0.0568894 0.469277
6 0.793316 0.932519 0.0414181 0.0713116 0.459551
2 0.0751845 0.952588 0.150369 0.0948243 0.455419
11 0.756828 0.646955 0.027882 0.041187 0.412894
2 0.147594 0.0350401 0.274744 0.0699346 0.400391
11 0.116347 0.452745 0.032513 0.0534821 0.394703
11 0.569043 0.126356 0.0318285 0.0524207 0.32776
2 0.955695 0.410474 0.0883304 0.103575 0.32048
11 0.565912 0.280401 0.0225528 0.0381707 0.31857
2 0.968165 0.524988 0.06367 0.141493 0.285845
2 0.891876 0.271089 0.140138 0.123412 0.261479
