2 0.175667 0.878694 0.351334 0.205008 0.939338
2 0.660694 0.578342 0.437491 0.298371 0.919636
2 0.323434 0.350715 0.327366 0.256744 0.9078
2 0.658172 0.939434 0.116755 0.117536 0.856567
11 0.397392 0.451211 0.0434307 0.0338956 0.856261
11 0.485677 0.771661 0.0452741 0.0329521 0.833603
11 0.381947 0.855014 0.0435244 0.0315853 0.830321
11 0.660543 0.827485 0.0479794 0.0317839 0.80562
11 0.449386 0.423065 0.0423891 0.0296741 0.803079
11 0.751651 0.260692 0.0438446 0.0320059 0.792038
2 0.86169 0.0770111 0.27662 0.154022 0.784193
2 0.430832 0.0584501 0.233461 0.1169 0.777405
11 0.349449 0.478654 0.0455688 0.0333327 0.776671
11 0.655379 0.313036 0.0460496 0.0320424 0.7561
11 0.839924 0.966825 0.0363037 0.0367886 0.708167
3 0.0538877 0.670454 0.0452172 0.0888399 0.646679
3 0.222608 0.52702 0.053501 0.0669474 0.60415
11 0.778856 0.806195 0.0487097 0.0345657 0.573798
3 0.849078 0.904876 0.0729814 0.0543402 0.550972
11 0.694005 0.388902 0.0483351 0.0374352 0.545464
11 0.969327 0.145695 0.0446194 0.0362177 0.493855
2 0.768585 0.341787 0.124317 0.138538 0.463187
2 0.94304 0.931527 0.11392 0.136947 0.430626
2 0.87989 0.275959 0.194984 0.14901 0.374563
11 0.390427 0.780331 0.0367424 0.0295006 0.355636
11 0.295329 0.720287 0.0401842 0.0269643 0.347991
2 0.839694 0.307111 0.268946 0.207567 0.311391
3 0.797135 0.835898 0.042786 0.0957847 0.308581
2 0.910134 0.929246 0.179338 0.141508 0.267858
