3 0.617134 0.894071 0.0818389 0.0822091 0.905657
11 0.37298 0.861591 0.0358506 0.0432282 0.898984
11 0.278841 0.484598 0.0377407 0.0449822 0.868532
11 0.404613 0.905836 0.0379438 0.042598 0.828857
11 0.316761 0.83994 0.0340718 0.0384891 0.828125
2 0.913989 0.0757584 0.172022 0.151517 0.826425
3 0.756139 0.921173 0.111401 0.134194 0.817162
2 0.705351 0.189886 0.271231 0.219591 0.793923
2 0.603544 0.402219 0.453558 0.379355 0.79011
11 0.565622 0.878211 0.0397381 0.0462211 0.777517
11 0.410893 0.692537 0.0306577 0.0360573 0.77334
3 0.913323 0.80303 0.0708792 0.0885494 0.771095
2 0.292061 0.179624 0.188198 0.16317 0.713997
2 0.124777 0.815535 0.249555 0.23388 0.713646
11 0.11946 0.289175 0.0374017 0.0422158 0.696499
7 0.470466 0.7647 0.0414735 0.0491183 0.681863
7 0.503267 0.806767 0.0407246 0.0455361 0.66276
11 0.306471 0.780027 0.025042 0.0238352 0.630708
2 0.862891 0.646187 0.274068 0.237807 0.559864
11 0.338074 0.824742 0.0256646 0.027927 0.559201
2 0.105469 0.0498199 0.18613 0.0994455 0.546172
7 0.236004 0.426847 0.0412832 0.0506135 0.533131
11 0.0804591 0.246624 0.0372257 0.0418264 0.529262
6 0.625229 0.111883 0.078031 0.0623256 0.467018
11 0.407048 0.951689 0.040646 0.0465334 0.452229
11 0.401534 0.946311 0.049699 0.0558748 0.439682
7 0.173165 0.353517 0.0541622 0.0561453 0.438517
11 0.236203 0.427243 0.041267 0.0486011 0.437424
11 0.535974 0.842828 0.0353859 0.0391617 0.408026
7 0.401023 0.946836 0.0486611 0.0549396 0.408019
11 0.636934 0.0964173 0.052723 0.0321398 0.375148
2 0.900074 0.31686 0.199853 0.227589 0.368561
11 0.629397 0.100504 0.0678537 0.0409595 0.348666
2 0.0458453 0.667677 0.0916905 0.230115 0.347995
11 0.149773 0.641118 0.0422109 0.0255883 0.334247
11 0.335468 0.816515 0.0323148 0.03955 0.331653
7 0.625237 0.111511 0.0767998 0.0618985 0.321007
11 0.514721 0.732648 0.0383513 0.0404844 0.291369
2 0.583713 0.0656456 0.232982 0.131291 0.264635
3 0.30048 0.316956 0.0770173 0.0669177 0.261579
11 0.488436 0.162045 0.0570103 0.044795 0.260264
11 0.436678 0.992288 0.0343821 0.0154243 0.258912
