2 0.933104 0.510445 0.133791 0.195643 0.915067
2 0.321022 0.441925 0.137003 0.143769 0.863515
11 0.471033 0.19189 0.0491514 0.0308059 0.816643
11 0.355645 0.323426 0.047534 0.0417329 0.808638
11 0.414329 0.288572 0.0404741 0.0475213 0.802165
2 0.0358093 0.648707 0.0716186 0.128508 0.780139
2 0.159646 0.449931 0.137682 0.156079 0.775098
11 0.608374 0.502468 0.0427384 0.0401354 0.769776
11 0.912259 0.359248 0.0327393 0.0367668 0.768285
11 0.789457 0.567725 0.0413584 0.0384809 0.76602
11 0.770506 0.314834 0.022108 0.0424371 0.764299
11 0.360617 0.962627 0.0353227 0.031086 0.736037
7 0.637186 0.336038 0.0596126 0.0441728 0.735949
3 0.693422 0.216547 0.0418615 0.0786355 0.716497
11 0.236934 0.146643 0.0427498 0.0335988 0.700631
11 0.773409 0.541382 0.0477936 0.0434326 0.689331
11 0.551575 0.421363 0.0489855 0.0400415 0.676359
11 0.570344 0.712347 0.0384399 0.0452287 0.672209
11 0.227835 0.344134 0.0489519 0.0443488 0.664198
11 0.256823 0.119664 0.0520686 0.0375783 0.660444
11 0.529413 0.400777 0.0474938 0.0403011 0.660373
11 0.546574 0.725661 0.0325903 0.0378434 0.649509
2 0.651455 0.872477 0.298718 0.254033 0.646525
11 0.487866 0.228016 0.0516275 0.0336217 0.604024
11 0.614236 0.687014 0.0399334 0.0504154 0.600044
2 0.104791 0.778598 0.116723 0.105335 0.589601
11 0.716279 0.456693 0.0458547 0.0390699 0.582744
11 0.359179 0.853293 0.0339452 0.0432073 0.571342
2 0.300045 0.651475 0.131879 0.127339 0.546963
11 0.576019 0.468562 0.045174 0.0357194 0.525128
11 0.678548 0.392314 0.0395942 0.0347353 0.507668
11 0.741781 0.495934 0.0429878 0.0410788 0.504427
2 0.453059 0.957776 0.198071 0.0844484 0.470354
11 0.66768 0.590514 0.0470516 0.0438007 0.458711
11 0.702227 0.438938 0.0415672 0.0419788 0.4346
2 0.596251 0.906956 0.198475 0.184815 0.392912
11 0.523892 0.486496 0.0384498 0.047653 0.354215
2 0.351464 0.613472 0.233808 0.210195 0.305151
11 0.57026 0.460773 0.0423243 0.0299589 0.300793
11 0.761011 0.51559 0.0454979 0.0417857 0.275636
11 0.637376 0.545162 0.0435436 0.0352692 0.27147
11 0.575296 0.783784 0.0335911 0.0382091 0.260295
