13 0.256173 0.302149 0.252649 0.222737 0.879672
2 0.193876 0.8568 0.198333 0.201109 0.795888
2 0.843911 0.357231 0.22678 0.190976 0.779817
2 0.233821 0.603193 0.148617 0.140262 0.714367
2 0.691491 0.853352 0.401879 0.290158 0.707177
2 0.374191 0.931318 0.14761 0.136867 0.696863
2 0.506071 0.617074 0.121083 0.148831 0.676178
2 0.0631553 0.854124 0.125435 0.128433 0.551141
2 0.43182 0.423111 0.128413 0.14303 0.502833
2 0.0969319 0.464859 0.193864 0.176194 0.489947
2 0.0750249 0.96726 0.149559 0.065065 0.453514
2 0.0617121 0.700572 0.123344 0.204905 0.443537
2 0.492895 0.18857 0.225362 0.192497 0.417868
2 0.0341856 0.285184 0.0683712 0.153722 0.408046
2 0.974445 0.847415 0.0511108 0.162872 0.346178
2 0.432106 0.742478 0.163743 0.161113 0.341465
2 0.670913 0.270499 0.578347 0.36264 0.319806
2 0.33549 0.482353 0.105629 0.101048 0.31613
2 0.30365 0.650053 0.0973485 0.122796 0.280085
2 0.668963 0.275629 0.211569 0.193638 0.277179
