2 0.267526 0.236383 0.184097 0.159262 0.895415
3 0.948416 0.226503 0.0634834 0.115412 0.852716
2 0.111767 0.164038 0.199699 0.167751 0.842732
11 0.180839 0.676893 0.0496829 0.0374147 0.828525
11 0.276347 0.623335 0.0387713 0.0285416 0.818147
11 0.552038 0.386359 0.0452897 0.0360753 0.811295
11 0.317279 0.600687 0.0359192 0.0313352 0.762414
7 0.542094 0.477337 0.0590651 0.0422575 0.746513
11 0.355464 0.579747 0.045442 0.0353815 0.711104
11 0.83484 0.229075 0.0379061 0.0340441 0.691133
2 0.884122 0.680215 0.173504 0.627089 0.688075
2 0.479177 0.760303 0.327179 0.473019 0.644263
11 0.906853 0.290658 0.0430731 0.038172 0.639723
2 0.16629 0.762345 0.278646 0.191887 0.446959
2 0.216792 0.553359 0.397642 0.261075 0.443971
2 0.11669 0.361679 0.135223 0.199599 0.425512
2 0.181893 0.0460782 0.280638 0.0921479 0.38732
2 0.688758 0.146554 0.435801 0.293108 0.377775
2 0.73278 0.120676 0.321101 0.241203 0.374375
2 0.337284 0.48844 0.162974 0.132053 0.368448
2 0.891221 0.545684 0.168396 0.356968 0.349111
2 0.0596783 0.488064 0.119015 0.148285 0.313468
2 0.155218 0.574394 0.268799 0.225669 0.296461
