2 0.429422 0.540798 0.647254 0.217821 0.871362
2 0.950836 0.654119 0.0980341 0.102988 0.869132
3 0.272865 0.0412271 0.0728755 0.0711697 0.865229
11 0.836612 0.167923 0.0487484 0.0340301 0.84028
11 0.528045 0.149876 0.0411095 0.0314738 0.82661
11 0.73604 0.119548 0.051104 0.0361392 0.818146
11 0.806642 0.107938 0.0392891 0.0312897 0.813367
11 0.960074 0.0882268 0.0535349 0.0325456 0.798259
2 0.580612 0.875356 0.242244 0.249237 0.791711
2 0.801966 0.418624 0.124774 0.0940589 0.78289
11 0.0880812 0.695331 0.0307606 0.0435222 0.764516
2 0.731537 0.256838 0.0911169 0.101908 0.751736
11 0.81302 0.936356 0.0483519 0.0301288 0.74505
11 0.01262 0.123952 0.0251975 0.0366654 0.743652
11 0.657861 0.137165 0.0449097 0.0259342 0.743003
11 0.711336 0.816333 0.0401899 0.0257975 0.737635
3 0.0528605 0.629976 0.0862061 0.0781564 0.732272
11 0.697821 0.191658 0.0403557 0.0245743 0.72933
3 0.471611 0.171997 0.0526861 0.0880028 0.709931
11 0.901678 0.817263 0.0467148 0.0297488 0.708666
11 0.890281 0.0967925 0.0509742 0.0362007 0.682262
11 0.226406 0.940101 0.0443585 0.0291531 0.669038
11 0.198862 0.356595 0.0219683 0.0446889 0.667816
11 0.198645 0.787191 0.0529453 0.0331918 0.662944
11 0.213722 0.868744 0.0449977 0.0320446 0.600916
11 0.923501 0.983584 0.0416558 0.030493 0.557757
11 0.424121 0.983455 0.0241694 0.0328575 0.555105
2 0.0773617 0.934246 0.154723 0.131508 0.541639
11 0.230857 0.966684 0.0462493 0.0294489 0.520769
11 0.901318 0.844984 0.0420656 0.0260803 0.468559
11 0.048972 0.395092 0.0294373 0.0255374 0.46573
2 0.860533 0.0348877 0.202047 0.0697473 0.445313
2 0.979334 0.53707 0.0407284 0.109799 0.444738
11 0.814236 0.224356 0.0414293 0.0287376 0.41137
11 0.850312 0.743805 0.032952 0.0370701 0.396346
7 0.883026 0.444278 0.0280044 0.061518 0.39323
2 0.954482 0.293346 0.0910368 0.138687 0.365383
11 0.931858 0.98641 0.0566849 0.027181 0.359505
11 0.9101 0.914236 0.0338328 0.0216802 0.343983
11 0.296577 0.335817 0.0263683 0.0462845 0.342207
2 0.976252 0.430597 0.0474967 0.113843 0.342075
2 0.814741 0.0338945 0.28895 0.0677792 0.340547
7 0.844667 0.472855 0.05024 0.0362948 0.312506
11 0.742981 0.985759 0.0441771 0.027957 0.296787
7 0.403739 0.143578 0.0759775 0.046746 0.292303
11 0.838789 0.678184 0.0444084 0.0452699 0.288503
11 0.92893 0.210638 0.0401104 0.0265531 0.273528
11 0.217013 0.894484 0.045475 0.0276539 0.271674
