2 0.178134 0.591078 0.14403 0.149248 0.913107
2 0.557986 0.576356 0.130784 0.132996 0.844768
2 0.845757 0.227212 0.0914793 0.116384 0.837665
2 0.678316 0.171923 0.111364 0.0868287 0.817694
2 0.502467 0.262098 0.133622 0.070629 0.783627
2 0.109297 0.431057 0.094506 0.118949 0.768697
11 0.456341 0.903657 0.0300856 0.0480932 0.759502
2 0.870501 0.388576 0.103378 0.0901881 0.748348
2 0.671734 0.0481161 0.104979 0.0815723 0.748181
2 0.279611 0.536335 0.0670786 0.12508 0.719903
2 0.860022 0.120167 0.0955988 0.10023 0.698758
2 0.0697569 0.803813 0.139514 0.196727 0.677575
2 0.965305 0.190442 0.0683326 0.0675712 0.674903
3 0.464882 0.741449 0.0497793 0.0695203 0.650377
2 0.976426 0.532926 0.0471476 0.0847914 0.616731
2 0.648217 0.610279 0.103144 0.14041 0.613214
2 0.972272 0.356423 0.0554556 0.0980164 0.610258
2 0.325801 0.330958 0.080979 0.176781 0.590999
2 0.269902 0.882965 0.286752 0.233864 0.557527
2 0.957735 0.0348997 0.0844967 0.0697994 0.542321
7 0.23468 0.753928 0.0554198 0.0456882 0.49572
11 0.415432 0.827565 0.0301575 0.058979 0.489999
2 0.891916 0.953 0.211856 0.0940001 0.488351
3 0.287294 0.743842 0.055954 0.0955869 0.488305
2 0.95805 0.012467 0.0835003 0.0249341 0.485064
2 0.397538 0.301423 0.0626512 0.0980124 0.478145
2 0.391395 0.153774 0.118691 0.127081 0.472717
2 0.883245 0.523437 0.161755 0.186394 0.460754
2 0.961014 0.0908079 0.0777365 0.0557578 0.448977
2 0.42203 0.645037 0.148785 0.155758 0.442816
2 0.0230554 0.122678 0.0460298 0.123437 0.44019
11 0.421625 0.830177 0.0473454 0.063306 0.438596
3 0.421275 0.853117 0.0749212 0.04441 0.437478
2 0.150399 0.246983 0.0955469 0.122774 0.419952
2 0.960749 0.111376 0.0784267 0.0988796 0.412002
2 0.373637 0.456816 0.0766119 0.165608 0.408276
7 0.336854 0.785073 0.0493922 0.0346202 0.404075
2 0.435472 0.583489 0.175091 0.279707 0.368793
2 0.0423394 0.436426 0.0840968 0.304889 0.367109
2 0.958598 0.0236732 0.0828039 0.0473465 0.364627
2 0.0460004 0.36073 0.0917143 0.133175 0.362191
2 0.67495 0.00983584 0.102648 0.0195628 0.358173
2 0.328155 0.0448406 0.0756772 0.0895528 0.344511
2 0.962713 0.129281 0.0745739 0.059567 0.342644
2 0.420746 0.159068 0.0616853 0.117595 0.32775
2 0.859352 0.518487 0.115429 0.180383 0.323627
2 0.0371746 0.0898332 0.0740826 0.176335 0.316224
2 0.440447 0.0499094 0.0841052 0.0996028 0.311132
2 0.971965 0.337211 0.0560699 0.0621301 0.267605
