2 0.433749 0.820113 0.452779 0.358752 0.943044
2 0.0875987 0.243155 0.175197 0.244463 0.905622
2 0.403445 0.1367 0.263419 0.240049 0.898512
2 0.688974 0.327166 0.201371 0.223745 0.869126
2 0.821499 0.131475 0.225643 0.259929 0.854403
11 0.953234 0.12165 0.0362042 0.047555 0.843899
11 0.482109 0.558898 0.042723 0.0382694 0.841549
11 0.822325 0.298566 0.0391443 0.0381581 0.826705
11 0.910993 0.192053 0.0334934 0.0383473 0.803441
2 0.268289 0.462722 0.262873 0.264632 0.79564
11 0.986437 0.0376779 0.0268021 0.0517071 0.793719
11 0.52294 0.525567 0.0358921 0.0355135 0.789535
2 0.782111 0.529837 0.244708 0.262101 0.754046
11 0.958072 0.0476362 0.0269152 0.0392343 0.667533
2 0.106626 0.0562271 0.212042 0.112454 0.64509
11 0.724494 0.78185 0.0307407 0.0616632 0.608924
3 0.624057 0.520037 0.071587 0.0625718 0.589767
2 0.0522189 0.816979 0.104438 0.292695 0.536594
2 0.961422 0.78814 0.0771569 0.414022 0.329989
2 0.96206 0.72996 0.0758791 0.290829 0.285135
11 0.556927 0.497582 0.0381811 0.0343969 0.282989
2 0.0535032 0.778038 0.106422 0.423846 0.257607
