2 0.197124 0.454637 0.17524 0.171681 0.892975
3 0.796675 0.923677 0.0649796 0.0749191 0.892572
2 0.32925 0.558151 0.153101 0.16254 0.8346
11 0.0671004 0.635581 0.0397813 0.0366217 0.7792
11 0.939533 0.774108 0.0426583 0.0432125 0.779027
11 0.563999 0.903184 0.0408013 0.040263 0.772559
3 0.631922 0.968964 0.0862523 0.0620724 0.757864
7 0.184332 0.257818 0.0433275 0.0479816 0.741449
11 0.0316226 0.607584 0.0384332 0.0373846 0.736041
11 0.60207 0.93132 0.0383544 0.0388356 0.734635
2 0.707423 0.726806 0.291591 0.25822 0.725431
11 0.823577 0.874151 0.0463425 0.0432415 0.722272
11 0.829311 0.769544 0.0407131 0.0441038 0.673011
7 0.103955 0.330742 0.0339009 0.0398168 0.667763
7 0.058772 0.333169 0.046447 0.0435852 0.643292
3 0.869364 0.974793 0.0737644 0.0483145 0.638096
11 0.983954 0.779904 0.0319044 0.0496378 0.63014
11 0.00681396 0.582359 0.0136279 0.0334957 0.603179
11 0.805594 0.785289 0.0390911 0.0460783 0.589698
7 0.0793387 0.36768 0.040515 0.0452784 0.533764
11 0.155941 0.219887 0.0328781 0.0453126 0.477858
7 0.048735 0.407176 0.0373381 0.044144 0.463141
7 0.0304264 0.390743 0.0542498 0.0592546 0.447669
7 0.121931 0.269043 0.0331494 0.0447222 0.446184
11 0.122701 0.270081 0.0348545 0.0471641 0.431705
11 0.0482294 0.407412 0.0388275 0.0455502 0.418206
11 0.0442808 0.349779 0.0369081 0.0359849 0.395933
11 0.15064 0.302532 0.0338037 0.0408745 0.393349
11 0.995432 0.725066 0.00913544 0.031475 0.358486
11 0.505165 0.966772 0.0427554 0.0385841 0.338272
7 0.150739 0.30108 0.033161 0.0424496 0.332136
11 0.148744 0.265236 0.0293111 0.0391144 0.324572
11 0.403637 0.644491 0.0429777 0.0424639 0.317836
11 0.058221 0.332857 0.0466106 0.0426663 0.283499
7 0.0934561 0.375974 0.035992 0.0345495 0.282332
11 0.398089 0.647049 0.0517217 0.0483697 0.276818
11 0.0956915 0.377529 0.0362095 0.0379192 0.261395
2 0.763749 0.390377 0.348286 0.337898 0.259059
2 0.824142 0.0701728 0.272553 0.140154 0.258732
11 0.844613 0.897508 0.047306 0.041317 0.256726
