2 0.0401015 0.17659 0.0799066 0.107162 0.899374
2 0.898967 0.985502 0.0985048 0.0289966 0.88899
2 0.926896 0.222417 0.0992907 0.119745 0.886724
2 0.102842 0.330427 0.110656 0.102883 0.87248
2 0.396586 0.182524 0.120419 0.0975883 0.854269
2 0.036313 0.947801 0.0724872 0.100497 0.844332
2 0.526365 0.691855 0.102936 0.138583 0.839706
11 0.802934 0.0504465 0.0470398 0.0271985 0.839598
11 0.0460845 0.0775947 0.0454712 0.0315439 0.838476
2 0.212612 0.151552 0.119819 0.0992906 0.833074
2 0.778316 0.305116 0.0835654 0.0824588 0.817071
11 0.443256 0.0402283 0.0468154 0.0284567 0.813848
11 0.851371 0.0537529 0.0444558 0.0278074 0.810666
2 0.606784 0.986094 0.110656 0.0277722 0.808597
11 0.39097 0.0929693 0.0441853 0.024117 0.805226
11 0.700844 0.0494073 0.048983 0.0282343 0.800406
11 0.32303 0.0329284 0.0543171 0.0286447 0.783945
2 0.975153 0.433489 0.0496937 0.0574295 0.781141
2 0.931978 0.552006 0.135756 0.183473 0.77743
2 0.0949093 0.420509 0.108557 0.0971493 0.77074
11 0.912869 0.113782 0.0374355 0.0233194 0.763893
2 0.591658 0.195553 0.102515 0.095554 0.76261
11 0.0921355 0.079776 0.0425355 0.0286173 0.752779
11 0.505368 0.0423773 0.0496474 0.0283919 0.749864
11 0.600943 0.103121 0.0508812 0.0266977 0.744321
2 0.178805 0.52858 0.129355 0.139636 0.726794
2 0.842029 0.7325 0.314535 0.170345 0.721552
2 0.815588 0.00868046 0.112176 0.0173609 0.711009
11 0.2965 0.0892277 0.0390048 0.0200868 0.709476
2 0.0196921 0.49494 0.039184 0.0916348 0.706562
11 0.0178835 0.0212837 0.035767 0.0247293 0.695522
2 0.63639 0.718051 0.0717073 0.089757 0.693623
2 0.254139 0.954265 0.146902 0.0914698 0.68657
11 0.958708 0.113918 0.0530635 0.0293083 0.674843
2 0.421383 0.703174 0.0838381 0.101546 0.673067
7 0.525799 0.0968321 0.0584767 0.0297818 0.672675
2 0.79292 0.182067 0.0782435 0.107339 0.656242
11 0.278401 0.789798 0.050996 0.0266771 0.592633
2 0.708239 0.175409 0.106469 0.101316 0.58162
2 0.492247 0.192942 0.0837954 0.155102 0.57926
11 0.112833 0.0287181 0.0547267 0.0274131 0.563892
2 0.19442 0.703508 0.388419 0.14876 0.52491
2 0.496912 0.98183 0.137375 0.0359922 0.521886
11 0.483197 0.859737 0.047095 0.02486 0.491221
11 0.377751 0.0364318 0.0496496 0.0241537 0.479147
2 0.153379 0.974241 0.0690704 0.0513376 0.461475
2 0.384555 0.0129202 0.0644775 0.0257958 0.44896
7 0.112447 0.0292773 0.0552039 0.0273935 0.437598
2 0.985395 0.220865 0.0292107 0.109776 0.428141
2 0.918415 0.0104962 0.101631 0.0209553 0.415266
12 0.594586 0.412449 0.0454666 0.0385886 0.341903
2 0.354013 0.977346 0.0666408 0.0451149 0.304984
2 0.543767 0.982699 0.231284 0.0344509 0.303905
11 0.342294 0.0900479 0.0451724 0.032773 0.296768
2 0.232157 0.00851059 0.0603881 0.0169155 0.269735
