2 0.192333 0.890899 0.384666 0.217466 0.888573
11 0.475368 0.274773 0.039894 0.0343142 0.857632
11 0.888553 0.0665701 0.0429294 0.0367053 0.854599
11 0.891105 0.0172382 0.0460739 0.0344763 0.846949
11 0.103192 0.339849 0.0439354 0.0392307 0.840458
11 0.701121 0.974637 0.0371592 0.0293804 0.837532
11 0.480882 0.031927 0.0440189 0.0458678 0.83306
11 0.541973 0.066276 0.0409775 0.0385642 0.831568
11 0.855146 0.280686 0.0392902 0.0371241 0.826603
11 0.579793 0.971086 0.0411152 0.0346512 0.82339
11 0.391788 0.0817997 0.0467596 0.0436698 0.806439
2 0.614378 0.903255 0.157552 0.119794 0.79136
11 0.27122 0.345966 0.0265004 0.0533772 0.787714
11 0.0285332 0.496522 0.0463566 0.037755 0.763784
2 0.412174 0.80807 0.10904 0.0946222 0.750168
11 0.050735 0.865637 0.0376287 0.0318134 0.73697
11 0.718692 0.70316 0.0286134 0.042327 0.690169
11 0.0987255 0.607691 0.0510891 0.0438417 0.686608
11 0.881328 0.19918 0.0501365 0.0475214 0.683241
2 0.627481 0.657587 0.123692 0.125911 0.645704
3 0.560004 0.492964 0.0614051 0.0764328 0.632572
2 0.879905 0.718438 0.186552 0.140139 0.627362
2 0.0937935 0.122953 0.187587 0.229871 0.618451
7 0.180626 0.206288 0.0655635 0.0568785 0.607988
7 0.69936 0.915343 0.0529256 0.0374771 0.591694
7 0.765915 0.807531 0.0367453 0.0570354 0.581562
2 0.978455 0.697722 0.043091 0.10955 0.572647
11 0.859496 0.897573 0.036715 0.0294716 0.566088
11 0.0622501 0.513304 0.0462708 0.0357477 0.5626
11 0.417701 0.977939 0.0297072 0.0415414 0.561839
11 0.318873 0.774174 0.0335304 0.0510992 0.561527
3 0.639563 0.497221 0.0735621 0.0649735 0.559627
2 0.476076 0.93163 0.132308 0.134952 0.554214
2 0.896439 0.952912 0.0980654 0.0941756 0.52582
11 0.350963 0.837969 0.0308054 0.0457211 0.466303
2 0.670962 0.745847 0.110906 0.0858755 0.449846
11 0.992054 0.83093 0.0158918 0.0275345 0.441209
11 0.328499 0.326604 0.0179339 0.0347753 0.434685
2 0.797866 0.976869 0.0936742 0.0462621 0.42727
11 0.698772 0.91547 0.0531845 0.0376282 0.425642
2 0.781274 0.59198 0.141384 0.139489 0.408239
11 0.375021 0.891129 0.0326041 0.0577238 0.40712
11 0.184985 0.41278 0.0546799 0.0466092 0.40557
7 0.098299 0.606866 0.0500823 0.0442122 0.389488
3 0.800083 0.840882 0.0656917 0.0524273 0.38266
11 0.256207 0.555145 0.0334167 0.0494537 0.353437
7 0.18538 0.412569 0.054673 0.0468402 0.344832
11 0.0980774 0.834234 0.0370458 0.0321896 0.339269
2 0.9511 0.930157 0.0873153 0.111687 0.296317
7 0.00488479 0.63528 0.00976958 0.0363405 0.294778
11 0.396717 0.936351 0.0255062 0.0424828 0.266949
