10 0.124808 0.444428 0.248605 0.34565 0.929648
11 0.527175 0.178069 0.0406492 0.053097 0.855788
10 0.369597 0.129133 0.257765 0.258018 0.829959
3 0.850771 0.169413 0.0898609 0.0864617 0.792292
11 0.168404 0.577257 0.0365529 0.0443411 0.768614
7 0.405885 0.408372 0.0536865 0.0738032 0.704384
11 0.950725 0.0766383 0.043376 0.0442047 0.675137
6 0.0707346 0.775358 0.138074 0.203198 0.52064
11 0.684254 0.376263 0.0508521 0.0524543 0.503936
7 0.699786 0.137658 0.0488291 0.0712832 0.459135
11 0.699195 0.136643 0.0483192 0.0710147 0.407508
6 0.265675 0.164286 0.107328 0.155045 0.369004
11 0.983096 0.0723303 0.0332798 0.0505661 0.336302
11 0.988464 0.0394996 0.0230721 0.0406666 0.334021
