2 0.596152 0.67762 0.144741 0.118919 0.889818
2 0.735482 0.911236 0.19095 0.177529 0.880196
2 0.848104 0.411012 0.129666 0.0902106 0.857107
2 0.856069 0.726922 0.179647 0.156218 0.835719
2 0.919051 0.0562049 0.13367 0.11241 0.793608
2 0.765213 0.553655 0.466812 0.26393 0.729852
2 0.711274 0.282191 0.256563 0.239318 0.703121
2 0.153655 0.678152 0.30586 0.18585 0.692457
11 0.898047 0.853832 0.0250381 0.0364582 0.689766
2 0.361637 0.337333 0.43813 0.416753 0.607356
7 0.689984 0.135636 0.0518524 0.0331533 0.599595
11 0.432225 0.433538 0.0463803 0.0313973 0.57552
11 0.0464565 0.584247 0.0240785 0.038967 0.575137
11 0.627372 0.0627703 0.0432645 0.0266801 0.546327
11 0.113724 0.608894 0.0253401 0.0422596 0.542141
3 0.978866 0.0979882 0.0421779 0.0915704 0.521657
7 0.372509 0.37116 0.0367128 0.0583377 0.491317
2 0.904081 0.292001 0.165257 0.118408 0.488467
11 0.149736 0.535214 0.0458113 0.0335394 0.475155
2 0.953758 0.45717 0.0924812 0.189795 0.430712
11 0.205458 0.634588 0.0285999 0.0445925 0.331678
11 0.800341 0.120549 0.0443243 0.0259762 0.321394
