2 0.651338 0.899025 0.209701 0.200744 0.950646
2 0.216055 0.131576 0.174822 0.128014 0.930498
2 0.45815 0.752477 0.171449 0.157044 0.909003
2 0.681251 0.168651 0.431989 0.144703 0.88177
2 0.0763163 0.359697 0.152096 0.118508 0.877965
2 0.1463 0.627884 0.192382 0.360934 0.872423
2 0.76447 0.74243 0.171285 0.224477 0.867365
2 0.0853555 0.921081 0.170481 0.157838 0.855769
2 0.54972 0.460339 0.328798 0.33404 0.846617
2 0.894791 0.410443 0.102613 0.109643 0.834625
2 0.388684 0.11908 0.108673 0.0746377 0.833424
2 0.93365 0.207438 0.116254 0.12044 0.829946
2 0.0257234 0.124838 0.0513185 0.097152 0.828637
11 0.855216 0.279673 0.0489761 0.0315407 0.817492
11 0.716534 0.26439 0.0415983 0.0249582 0.800498
11 0.905513 0.285278 0.0443558 0.025433 0.793549
11 0.674003 0.260598 0.046777 0.0275931 0.783664
2 0.624349 0.0207625 0.120232 0.041525 0.772139
11 0.913585 0.748509 0.02612 0.0431032 0.74098
2 0.516429 0.0150411 0.102514 0.0300147 0.688281
11 0.205158 0.216441 0.0427039 0.0244401 0.624017
2 0.952657 0.0332543 0.093739 0.0663314 0.617683
11 0.631173 0.260842 0.0390571 0.024082 0.607144
2 0.748166 0.399038 0.0969298 0.0909119 0.593494
11 0.883298 0.880145 0.0234455 0.0466046 0.59159
11 0.474937 0.988566 0.0420134 0.0227636 0.581215
7 0.470669 0.939324 0.0570201 0.0334949 0.554667
2 0.986393 0.605855 0.0272139 0.10121 0.524887
11 0.369016 0.231905 0.0352478 0.0233921 0.516881
7 0.989553 0.412099 0.0207955 0.0621469 0.421971
2 0.398472 0.0199226 0.0827884 0.0396579 0.420352
2 0.311091 0.328137 0.14839 0.106796 0.404225
2 0.797868 0.492051 0.220219 0.111542 0.402459
11 0.470257 0.939074 0.0587292 0.0333599 0.34541
11 0.186963 0.0222394 0.021625 0.0364276 0.307675
6 0.946272 0.900569 0.106144 0.0619949 0.267556
7 0.978601 0.301899 0.0425674 0.0368568 0.266971
11 0.923131 0.707048 0.0306343 0.0433692 0.258778
