11 0.777386 0.663336 0.048131 0.038094 0.839016
7 0.456702 0.50821 0.0614668 0.0476056 0.822216
11 0.403573 0.458161 0.0498595 0.0377421 0.813406
11 0.591732 0.520283 0.0382401 0.0457913 0.812244
2 0.489446 0.0923192 0.224837 0.184236 0.80979
11 0.737716 0.581161 0.046048 0.036559 0.785872
11 0.951668 0.710121 0.0486843 0.0325092 0.748361
11 0.541429 0.47924 0.0428019 0.0345436 0.724869
3 0.137597 0.315628 0.0714446 0.0914602 0.720441
11 0.869334 0.64333 0.0533096 0.0414884 0.710774
2 0.408065 0.268224 0.203077 0.245755 0.705922
11 0.637972 0.531493 0.041756 0.032103 0.692479
2 0.681551 0.382461 0.338992 0.34377 0.676309
3 0.468727 0.407343 0.0777678 0.0636109 0.663192
7 0.206908 0.322117 0.0527009 0.0406082 0.60439
11 0.592718 0.575801 0.0525053 0.040037 0.60121
2 0.238671 0.8846 0.306653 0.229551 0.568647
7 0.593348 0.575823 0.0525944 0.0403577 0.457002
11 0.0229598 0.972473 0.0360812 0.0507728 0.419987
11 0.207371 0.321909 0.0530952 0.0396232 0.395549
2 0.171554 0.539201 0.319731 0.495152 0.339895
2 0.840761 0.493946 0.145183 0.188202 0.325405
2 0.926718 0.537525 0.146564 0.334477 0.320825
2 0.606683 0.813127 0.535461 0.37336 0.312438
2 0.0476021 0.0853505 0.0952041 0.170121 0.302681
2 0.939512 0.899664 0.120703 0.200671 0.264
