6 0.683175 0.609568 0.0758112 0.170958 0.890332
11 0.805445 0.300405 0.0301845 0.0496501 0.843042
11 0.192604 0.486297 0.033455 0.0460696 0.827047
11 0.819955 0.233676 0.0369442 0.0519777 0.826719
11 0.111319 0.749072 0.0350476 0.0531695 0.815433
11 0.925627 0.462045 0.0281422 0.0546543 0.807004
11 0.941512 0.223172 0.0249045 0.0460575 0.77245
11 0.629137 0.446 0.0287606 0.0504941 0.760642
11 0.944956 0.72269 0.0303093 0.0597042 0.754235
7 0.902923 0.248659 0.0268158 0.0610997 0.714968
7 0.885815 0.0209598 0.0419104 0.0419196 0.432715
11 0.965783 0.992455 0.0355301 0.0150904 0.412145
