3 0.301244 0.144527 0.0896692 0.0878524 0.927298
6 0.544 0.624956 0.0829807 0.117537 0.908191
2 0.507248 0.886158 0.303138 0.226827 0.897402
2 0.868913 0.482848 0.262174 0.29922 0.872876
6 0.740917 0.615037 0.129893 0.14301 0.837216
11 0.173516 0.442331 0.040322 0.0390004 0.813989
11 0.82792 0.720599 0.0509628 0.0556937 0.795723
11 0.473012 0.113935 0.0414522 0.0380953 0.780297
11 0.121102 0.444187 0.0246043 0.0507206 0.771313
11 0.622886 0.648638 0.0428997 0.0508538 0.75494
3 0.255939 0.340313 0.145035 0.1618 0.745658
2 0.780064 0.131333 0.299613 0.260223 0.725274
2 0.0958432 0.222532 0.191686 0.282004 0.670485
3 0.259273 0.352033 0.116424 0.139265 0.649885
2 0.163589 0.771808 0.182231 0.185331 0.566782
3 0.38024 0.372573 0.116534 0.108229 0.528929
3 0.432904 0.319696 0.0850228 0.0632737 0.485207
3 0.431006 0.205409 0.0637707 0.0712613 0.423087
3 0.411395 0.344252 0.128001 0.114141 0.395036
11 0.474097 0.555961 0.041086 0.0433228 0.386855
2 0.31606 0.762731 0.233519 0.258617 0.352615
11 0.217241 0.373514 0.03849 0.042608 0.299679
11 0.239043 0.395287 0.0386565 0.0372328 0.298894
2 0.249055 0.760349 0.347372 0.256597 0.254312
3 0.443486 0.318502 0.0604803 0.0600634 0.253407
