7 0.0365667 0.751347 0.0509561 0.0615195 0.872012
11 0.115556 0.863784 0.0407048 0.0468023 0.813237
11 0.0773767 0.718612 0.0365975 0.0431414 0.791753
11 0.481586 0.547685 0.0429713 0.0369954 0.782442
2 0.491734 0.0843196 0.433303 0.168512 0.779982
11 0.0474152 0.679765 0.0341486 0.0427952 0.77431
2 0.552501 0.846491 0.363206 0.302925 0.715349
11 0.111815 0.762828 0.0353876 0.0432289 0.685625
2 0.526716 0.329279 0.254529 0.264633 0.682938
11 0.044011 0.80851 0.0369847 0.0432285 0.661307
11 0.0182967 0.638959 0.0356889 0.0441089 0.616343
3 0.181886 0.907547 0.0829161 0.088422 0.571995
2 0.307352 0.487143 0.243438 0.270689 0.540625
2 0.839739 0.0613692 0.319006 0.122738 0.436555
2 0.81617 0.934952 0.167824 0.130095 0.435283
2 0.639418 0.593989 0.078092 0.0972946 0.43005
2 0.218233 0.510795 0.425147 0.315397 0.361959
2 0.11518 0.0723967 0.230361 0.144793 0.358058
2 0.951724 0.847954 0.0965516 0.192623 0.342201
2 0.869799 0.58913 0.260403 0.282018 0.341434
2 0.0394143 0.331969 0.0788215 0.256594 0.329296
2 0.98199 0.320005 0.0360195 0.137468 0.293956
