2 0.143395 0.859518 0.286789 0.280159 0.842618
3 0.843489 0.76104 0.0771942 0.117378 0.774781
11 0.917447 0.813782 0.0300144 0.0523732 0.75864
3 0.975219 0.151656 0.0494709 0.0817163 0.754833
6 0.0339419 0.283892 0.0575694 0.0877453 0.740402
2 0.249573 0.439204 0.499146 0.352018 0.718893
2 0.721462 0.583844 0.148061 0.216293 0.718427
2 0.116031 0.0659306 0.232062 0.131861 0.697514
2 0.505353 0.298739 0.118909 0.111846 0.646987
11 0.440429 0.19609 0.0466675 0.023859 0.634534
2 0.655629 0.277859 0.0879532 0.0946644 0.626245
2 0.477325 0.859223 0.267578 0.281211 0.553365
11 0.421219 0.137601 0.0521572 0.0268802 0.543375
11 0.65656 0.945756 0.0357765 0.0441288 0.540211
6 0.920156 0.506688 0.0694034 0.112505 0.51849
7 0.0347151 0.283929 0.0552378 0.0872896 0.50911
2 0.933535 0.0538879 0.132931 0.107776 0.500916
2 0.82511 0.925734 0.22531 0.148531 0.418488
11 0.144448 0.246253 0.042178 0.0209489 0.39294
11 0.627723 0.88482 0.033778 0.0403828 0.361089
2 0.520337 0.0508409 0.653181 0.101682 0.31129
2 0.624059 0.73557 0.180146 0.206722 0.310308
3 0.505674 0.174373 0.0426588 0.0898628 0.298616
11 0.103927 0.247852 0.0323833 0.0213018 0.27866
