6 0.719843 0.797932 0.0497441 0.0859894 0.827445
6 0.874943 0.749083 0.0431469 0.0796635 0.820351
6 0.29493 0.898663 0.0429175 0.0824751 0.767904
6 0.612026 0.821779 0.0440397 0.0957662 0.756787
6 0.790409 0.781351 0.0417516 0.0800741 0.748726
6 0.65889 0.824067 0.0440572 0.0776832 0.74801
6 0.825932 0.76878 0.0433845 0.0946978 0.732411
2 0.837457 0.322171 0.325085 0.642395 0.716301
6 0.938185 0.738647 0.0446762 0.095056 0.712578
6 0.582585 0.843644 0.0443867 0.0906991 0.710612
6 0.551937 0.858069 0.0444182 0.0748707 0.704577
6 0.333779 0.899861 0.0497525 0.0936821 0.669978
6 0.757752 0.79768 0.0407866 0.0757175 0.668923
6 0.90757 0.74516 0.0552887 0.102882 0.666084
7 0.249557 0.893027 0.0377105 0.0543236 0.64304
2 0.293537 0.424715 0.587075 0.819142 0.635726
6 0.212642 0.981374 0.0809568 0.0372523 0.612201
6 0.639988 0.491416 0.0355422 0.0571414 0.603433
6 0.973191 0.743742 0.0465065 0.0982005 0.581649
11 0.713047 0.985184 0.0326807 0.0264223 0.548687
6 0.14561 0.935373 0.0346797 0.083067 0.510116
7 0.884437 0.976176 0.0332123 0.047648 0.47434
7 0.757288 0.798177 0.0403712 0.0709193 0.442555
7 0.789422 0.78336 0.0408778 0.0748583 0.422963
11 0.61696 0.98726 0.0360414 0.0252243 0.399422
6 0.669485 0.510075 0.0420465 0.10622 0.390014
7 0.84677 0.981212 0.0330429 0.0375761 0.35152
6 0.984081 0.960743 0.0316108 0.066403 0.338918
6 0.568113 0.505619 0.0375486 0.0609388 0.33626
7 0.639974 0.49121 0.0349802 0.0603485 0.331019
6 0.5729 0.530871 0.0456707 0.108534 0.329125
6 0.645712 0.515077 0.0402397 0.108215 0.325049
11 0.64523 0.983995 0.0420988 0.0320097 0.319004
11 0.579563 0.994028 0.0395204 0.0119436 0.311811
6 0.559853 0.560296 0.0380856 0.0694729 0.306743
6 0.972666 0.724667 0.0472469 0.137362 0.265866
6 0.914796 0.753633 0.0417728 0.0879485 0.259611
6 0.658563 0.488534 0.0401531 0.0633361 0.250275
