2 0.243313 0.762358 0.367884 0.278097 0.865712
2 0.881587 0.0613628 0.13987 0.122726 0.853774
11 0.0969304 0.0500396 0.0400668 0.0381937 0.818806
2 0.577613 0.393611 0.384256 0.425903 0.813876
3 0.816575 0.336359 0.0649888 0.065929 0.798206
3 0.918477 0.438342 0.0675674 0.0730997 0.782604
2 0.875736 0.226895 0.177654 0.157888 0.778673
11 0.0859476 0.126996 0.0429062 0.0417669 0.778089
11 0.375642 0.627677 0.0413452 0.0328846 0.741181
11 0.779313 0.49053 0.0404918 0.0421621 0.725623
2 0.337822 0.330196 0.282693 0.242045 0.712894
3 0.908301 0.353753 0.0723442 0.0870656 0.689659
2 0.0916269 0.287636 0.183254 0.282217 0.683502
7 0.576329 0.136783 0.0474492 0.0487541 0.671458
11 0.660973 0.620147 0.0416216 0.0445555 0.657045
2 0.962946 0.142153 0.0741079 0.128427 0.607636
3 0.521711 0.672007 0.0599339 0.0686146 0.600245
11 0.148193 0.0150742 0.0491477 0.0301484 0.556893
2 0.0453309 0.721233 0.0906619 0.2044 0.547036
7 0.961037 0.48335 0.0596207 0.0526457 0.546785
11 0.741431 0.532537 0.0453952 0.0500978 0.542672
3 0.821298 0.424222 0.0612156 0.0616357 0.540758
7 0.148578 0.0147928 0.0486882 0.0295856 0.524819
2 0.85792 0.635618 0.284061 0.322466 0.490261
2 0.326858 0.0521776 0.195355 0.104355 0.473382
2 0.583522 0.933106 0.20993 0.133441 0.400718
2 0.769912 0.159035 0.120973 0.134135 0.38445
7 0.741468 0.532934 0.0454681 0.0502986 0.38075
2 0.775499 0.974937 0.199636 0.0501255 0.275327
3 0.599392 0.66225 0.0729105 0.0845829 0.267907
