3 0.597173 0.550436 0.106201 0.0650508 0.896208
11 0.77423 0.0208777 0.0498125 0.0346138 0.849682
11 0.865125 0.849938 0.0388408 0.0587723 0.83023
11 0.90127 0.0408068 0.053969 0.0317761 0.828297
11 0.138497 0.0374799 0.0423382 0.0298495 0.813034
11 0.718406 0.242394 0.0527163 0.0347032 0.812852
11 0.673996 0.185541 0.0552216 0.0339943 0.81031
11 0.839559 0.473882 0.0528355 0.042637 0.80865
11 0.560961 0.184512 0.0519038 0.0344122 0.802769
11 0.937371 0.92579 0.0399855 0.056131 0.795048
11 0.0628632 0.0172171 0.0466875 0.0312311 0.786672
11 0.536843 0.0252453 0.0490963 0.0392795 0.754803
11 0.929982 0.983774 0.036426 0.0323895 0.723893
11 0.538251 0.0790129 0.0314095 0.0465561 0.632484
7 0.784897 0.207342 0.0671256 0.0331402 0.574942
11 0.471321 0.105073 0.0222487 0.0306449 0.467635
7 0.148314 0.00833735 0.0589586 0.0166707 0.396334
7 0.989515 0.136325 0.0209694 0.0674931 0.312341
11 0.144947 0.0085698 0.0589952 0.0171396 0.265661
3 0.359044 0.186698 0.0603017 0.103764 0.256677
