11 0.146272 0.2141 0.0443052 0.0306874 0.87172
2 0.546814 0.0562187 0.346791 0.112437 0.857117
11 0.49207 0.492192 0.044829 0.0300697 0.841711
11 0.222509 0.0715508 0.0452875 0.0322159 0.83199
11 0.541381 0.484072 0.0490103 0.0330092 0.830552
2 0.234494 0.915244 0.205385 0.169199 0.829376
11 0.183342 0.321966 0.0440367 0.0327839 0.813275
11 0.20052 0.197728 0.0389099 0.0303951 0.813255
11 0.0343153 0.637377 0.035453 0.046215 0.812101
11 0.37356 0.600243 0.041164 0.0295743 0.792945
2 0.866337 0.755462 0.266306 0.489077 0.776227
7 0.852306 0.206255 0.0619896 0.0339472 0.743206
11 0.0542177 0.130144 0.0478005 0.0305928 0.736394
11 0.751775 0.17626 0.0523459 0.0353441 0.733017
11 0.13728 0.262403 0.050506 0.0332846 0.730349
11 0.862434 0.15869 0.0437325 0.0335572 0.690062
11 0.143263 0.795275 0.0333735 0.0274235 0.65392
11 0.129036 0.357186 0.0431302 0.025989 0.645389
11 0.170197 0.0594697 0.0552029 0.0380686 0.641294
11 0.174113 0.360297 0.0418254 0.0247122 0.623555
11 0.878642 0.0691564 0.0406696 0.026999 0.605255
2 0.946177 0.219866 0.10744 0.328635 0.60085
11 0.870855 0.0916136 0.0442307 0.0291109 0.600143
11 0.740012 0.232968 0.0568027 0.0273526 0.559898
11 0.183257 0.0251946 0.0413543 0.0257007 0.522722
11 0.211909 0.121957 0.0407335 0.0222562 0.518841
11 0.199091 0.588271 0.0385153 0.0312433 0.477289
11 0.0430841 0.24914 0.0334789 0.0262304 0.469629
11 0.40322 0.549937 0.0643267 0.0472419 0.415176
11 0.00977113 0.788574 0.0195423 0.0430526 0.40142
11 0.874302 0.0736378 0.0477261 0.0320515 0.366858
11 0.0230961 0.370888 0.0461633 0.0416998 0.28287
11 0.143029 0.84482 0.0282467 0.028495 0.263894
11 0.0212083 0.380657 0.0424166 0.0254292 0.257075
