2 0.39374 0.853504 0.143704 0.142434 0.931555
2 0.447629 0.220114 0.139201 0.138634 0.928422
2 0.53927 0.81288 0.157293 0.147833 0.895623
2 0.101401 0.243344 0.143105 0.112586 0.892761
2 0.0770846 0.0732888 0.150782 0.146578 0.879033
2 0.243996 0.902731 0.153486 0.138545 0.866609
2 0.86901 0.437293 0.12567 0.0991017 0.865503
2 0.747796 0.0408678 0.125266 0.0817355 0.853751
2 0.134184 0.382396 0.13631 0.125139 0.852205
11 0.0952743 0.974319 0.0279558 0.0450206 0.792784
11 0.0170491 0.701759 0.0328443 0.0450419 0.774787
12 0.204503 0.0340608 0.0944403 0.0681217 0.742657
11 0.902381 0.506728 0.0208203 0.041448 0.713224
2 0.780875 0.774473 0.222819 0.199758 0.698566
2 0.320192 0.532892 0.156764 0.156964 0.631981
2 0.776632 0.80595 0.218048 0.128813 0.598379
11 0.884295 0.853777 0.0204437 0.0384685 0.497429
11 0.00479947 0.609834 0.00959894 0.0569912 0.443966
2 0.981483 0.166454 0.0370336 0.168653 0.41948
2 0.818219 0.718181 0.0957885 0.0873519 0.367237
12 0.749949 0.163431 0.113125 0.0748678 0.35616
2 0.32764 0.5746 0.182851 0.242219 0.340295
2 0.983876 0.187761 0.0322483 0.154069 0.273842
