2 0.0816582 0.0774507 0.144998 0.144548 0.912214
2 0.225014 0.875675 0.366937 0.248651 0.800934
11 0.133719 0.881904 0.03829 0.0375897 0.781561
11 0.194016 0.0734562 0.0305722 0.0328543 0.760955
2 0.0802977 0.465356 0.160595 0.209856 0.669018
11 0.0136602 0.990313 0.0263591 0.0190937 0.472464
11 0.215163 0.183666 0.0410715 0.0293436 0.461208
2 0.792212 0.420229 0.415576 0.576414 0.378951
2 0.90785 0.311377 0.184301 0.340836 0.271943
2 0.0806024 0.525698 0.16097 0.333621 0.263601
2 0.74332 0.542998 0.321751 0.316975 0.252796
