2 0.665948 0.481562 0.37148 0.281862 0.931538
11 0.909712 0.269803 0.0274691 0.0430485 0.849818
11 0.129575 0.574575 0.0250421 0.0303181 0.734882
11 0.765374 0.198689 0.049835 0.0388922 0.729674
11 0.768641 0.154088 0.0528639 0.0327279 0.727227
11 0.916794 0.370777 0.0233261 0.0427929 0.720239
11 0.8805 0.470571 0.0291534 0.0439594 0.674685
2 0.490713 0.0911569 0.204245 0.179153 0.662904
11 0.851107 0.260782 0.0259815 0.0453811 0.630347
11 0.7615 0.103923 0.0484959 0.032097 0.585108
2 0.40706 0.262493 0.177478 0.230314 0.561236
11 0.704826 0.296199 0.0329744 0.0426855 0.480802
2 0.0503112 0.967492 0.100525 0.064756 0.452456
3 0.0379979 0.848994 0.0759958 0.0801312 0.433427
11 0.750433 0.0753017 0.0482661 0.0340366 0.423517
11 0.808752 0.336266 0.0229628 0.0435041 0.39393
11 0.76231 0.130557 0.0425456 0.0247073 0.384913
2 0.949408 0.769291 0.10115 0.461418 0.366952
2 0.956797 0.128552 0.0861252 0.249754 0.363317
2 0.328227 0.402786 0.172025 0.281332 0.3573
2 0.957955 0.176429 0.0838356 0.352858 0.301857
11 0.761098 0.112141 0.0452387 0.0381424 0.280174
