2 0.292071 0.138761 0.179353 0.250063 0.899206
2 0.0817903 0.954854 0.162978 0.0902918 0.789201
2 0.125298 0.865095 0.165568 0.151779 0.743879
2 0.679949 0.880187 0.269484 0.238793 0.741029
2 0.896739 0.762686 0.206522 0.117897 0.735875
2 0.635468 0.514512 0.721386 0.213634 0.725457
2 0.366686 0.794704 0.194739 0.114893 0.691093
2 0.152398 0.255675 0.102949 0.121179 0.680348
2 0.243919 0.474271 0.205412 0.327002 0.669961
3 0.0181808 0.589833 0.0359229 0.0494103 0.543492
3 0.0298418 0.765965 0.0596836 0.0484409 0.513384
2 0.0344461 0.113914 0.0688922 0.227251 0.437472
2 0.545668 0.193093 0.150325 0.294717 0.391473
3 0.146208 0.766697 0.0575297 0.0631019 0.357107
2 0.512133 0.512671 0.753446 0.231511 0.352325
11 0.0905282 0.0140385 0.0244124 0.0280771 0.346442
2 0.499418 0.465393 0.72477 0.327604 0.340701
11 0.0497412 0.297831 0.0218591 0.0343648 0.295543
2 0.977518 0.932139 0.0442417 0.129192 0.283176
