11 0.702684 0.606892 0.0395559 0.0311716 0.799991
7 0.452625 0.508263 0.0697487 0.0477226 0.74211
2 0.784878 0.79056 0.235659 0.170171 0.736004
2 0.249145 0.729392 0.498291 0.541165 0.70132
11 0.67419 0.771138 0.0413204 0.0528641 0.592632
2 0.413034 0.241449 0.826069 0.482899 0.590053
11 0.95995 0.48567 0.0465385 0.0341928 0.552929
2 0.92364 0.884096 0.116983 0.112275 0.528952
7 0.674337 0.770802 0.0418269 0.0520235 0.515499
7 0.950302 0.511767 0.0539566 0.0430567 0.500439
11 0.987715 0.392556 0.024427 0.0375375 0.490845
2 0.87795 0.943412 0.242628 0.113177 0.490838
11 0.564475 0.934631 0.040373 0.051342 0.401551
11 0.985826 0.411982 0.0283481 0.0468788 0.279371
