2 0.734309 0.0341302 0.257553 0.0678993 0.812938
3 0.80755 0.118954 0.0536933 0.0804105 0.795577
11 0.037679 0.0504018 0.0471409 0.0294281 0.772636
2 0.165143 0.312143 0.126533 0.11448 0.7609
11 0.850679 0.591471 0.0312515 0.0487337 0.753484
3 0.408311 0.0173441 0.0795284 0.0346651 0.745764
11 0.813219 0.507951 0.031517 0.0484263 0.678743
7 0.966299 0.138681 0.0596674 0.0287515 0.666482
11 0.832191 0.486538 0.0292427 0.0422291 0.648393
2 0.891379 0.229492 0.217242 0.110878 0.64656
7 0.883726 0.674177 0.0397173 0.0590731 0.640478
11 0.920958 0.0374903 0.0223995 0.0406949 0.571113
3 0.922073 0.06429 0.102718 0.0477552 0.563413
2 0.176892 0.0332641 0.353605 0.0665282 0.52022
11 0.906192 0.655737 0.0273701 0.0405931 0.461871
2 0.897718 0.392845 0.204565 0.443649 0.448569
11 0.249982 0.157833 0.0192146 0.030914 0.29886
11 0.00601894 0.0482086 0.011901 0.0349565 0.297465
2 0.24141 0.0318091 0.232304 0.0636182 0.278081
11 0.594172 0.894875 0.0221985 0.0314903 0.277593
2 0.972809 0.629371 0.0542145 0.110693 0.27116
