2 0.567491 0.290372 0.129369 0.137086 0.899073
2 0.681848 0.0489537 0.1353 0.0979074 0.884721
2 0.605342 0.580523 0.122726 0.1284 0.86682
2 0.705296 0.525306 0.163258 0.169365 0.862566
2 0.760988 0.262526 0.107807 0.11526 0.838774
2 0.0386014 0.755075 0.0772028 0.120749 0.833238
2 0.0394584 0.570855 0.0785829 0.152495 0.824846
2 0.96135 0.253665 0.0773 0.132776 0.823048
2 0.37691 0.662305 0.124682 0.133031 0.810913
2 0.465645 0.287791 0.0978955 0.123379 0.799402
2 0.364812 0.242587 0.113069 0.138105 0.78448
2 0.49754 0.66553 0.142419 0.160572 0.77974
2 0.125605 0.312662 0.129458 0.127164 0.769861
2 0.398463 0.074289 0.0814533 0.0818127 0.762625
2 0.18223 0.0233501 0.108726 0.046692 0.736821
11 0.692985 0.640327 0.0398326 0.0503387 0.695849
2 0.399408 0.421287 0.0982044 0.100597 0.691608
11 0.578836 0.915823 0.0434261 0.0288823 0.673219
2 0.579807 0.0436423 0.0667379 0.0869009 0.60755
2 0.262016 0.691175 0.110989 0.138107 0.601405
2 0.0522226 0.0933411 0.0782706 0.0933203 0.585561
2 0.102548 0.0367853 0.0726347 0.0729397 0.58525
2 0.10755 0.742671 0.100277 0.124538 0.582579
11 0.166372 0.992674 0.0514158 0.0146528 0.582267
2 0.970605 0.0456737 0.05879 0.0913473 0.570286
2 0.930768 0.538053 0.138342 0.165747 0.551701
2 0.266193 0.236464 0.083898 0.0928153 0.55131
2 0.0123291 0.10023 0.0246583 0.11536 0.511505
2 0.202757 0.25948 0.106731 0.118754 0.46473
11 0.502236 0.928597 0.0438332 0.0295419 0.449079
11 0.446945 0.942305 0.0464967 0.0303051 0.429787
2 0.268591 0.0201121 0.0610321 0.0401913 0.425112
2 0.987947 0.0447324 0.0241052 0.0894649 0.394223
2 0.893 0.567686 0.214 0.220496 0.34588
