2 0.108335 0.585788 0.215948 0.161164 0.931343
2 0.786346 0.193546 0.137362 0.114919 0.926056
2 0.915306 0.354224 0.155233 0.148951 0.914151
2 0.511618 0.580535 0.487869 0.243688 0.890621
2 0.84607 0.675544 0.109575 0.107333 0.850624
3 0.657303 0.252378 0.0764681 0.0568091 0.81987
2 0.33016 0.124366 0.14854 0.105898 0.808384
11 0.942107 0.589974 0.0399034 0.0325365 0.800619
2 0.175444 0.158475 0.152728 0.184829 0.794354
11 0.175221 0.359204 0.0562495 0.0316122 0.771329
2 0.564745 0.0613529 0.162531 0.121575 0.759948
11 0.92034 0.543346 0.0567463 0.0488834 0.752848
11 0.475008 0.93935 0.0265252 0.0474274 0.74514
2 0.917829 0.967531 0.122878 0.0648079 0.740061
11 0.587151 0.958474 0.0247333 0.0407429 0.738808
2 0.482628 0.157464 0.114756 0.119008 0.735909
11 0.0276641 0.42352 0.0459368 0.0259321 0.710049
11 0.764936 0.438803 0.0446672 0.0393849 0.708933
11 0.0237722 0.88193 0.0256214 0.0470402 0.706981
11 0.0770373 0.389292 0.0461455 0.0307631 0.700199
2 0.0480065 0.244147 0.0957887 0.117673 0.653547
11 0.376833 0.401407 0.0433735 0.0275417 0.58616
11 0.308469 0.350694 0.0395604 0.0255367 0.570179
11 0.0934962 0.881862 0.0217986 0.0402642 0.505079
11 0.396951 0.341336 0.0466681 0.0263933 0.491649
2 0.952128 0.884563 0.0957404 0.156841 0.485405
2 0.340318 0.540318 0.135353 0.165727 0.456266
11 0.904769 0.566077 0.0390621 0.0367136 0.44036
2 0.118534 0.0158833 0.1284 0.0315452 0.41704
11 0.720385 0.414862 0.0447008 0.038028 0.353379
11 0.837869 0.468732 0.0439266 0.0414872 0.310119
11 0.478158 0.393103 0.0384121 0.0229062 0.306738
2 0.953822 0.858845 0.0920227 0.108241 0.286187
11 0.330666 0.403003 0.0419141 0.0236076 0.26378
