2 0.592854 0.0609743 0.150701 0.121949 0.895602
2 0.817733 0.330552 0.220926 0.177462 0.883395
2 0.702744 0.702148 0.133539 0.130811 0.867962
2 0.864605 0.149851 0.161048 0.132213 0.860072
2 0.419394 0.239466 0.147042 0.177268 0.834227
11 0.155668 0.948941 0.033719 0.0382256 0.823525
11 0.615006 0.927651 0.0373562 0.036538 0.813163
2 0.585916 0.799745 0.161465 0.154004 0.804928
2 0.69205 0.527168 0.175184 0.169912 0.803933
11 0.579236 0.961486 0.037637 0.0379772 0.795385
2 0.417312 0.89152 0.144392 0.152099 0.782377
11 0.488722 0.558474 0.0316681 0.0397656 0.780699
11 0.548292 0.98724 0.0320692 0.0251976 0.738529
11 0.274744 0.374717 0.0520377 0.040358 0.721467
11 0.521693 0.377339 0.0363251 0.0463134 0.7085
11 0.634315 0.877847 0.0409139 0.0337723 0.65371
11 0.651327 0.893355 0.0346424 0.037466 0.646927
11 0.56494 0.213373 0.0471343 0.0469883 0.644842
7 0.576595 0.430564 0.0522695 0.0652537 0.637525
11 0.180214 0.912347 0.0294983 0.0308144 0.635385
2 0.152683 0.817348 0.142247 0.194394 0.625196
2 0.322902 0.966058 0.169382 0.0678846 0.568155
11 0.660475 0.169785 0.0289816 0.0316311 0.528
2 0.800265 0.917918 0.353661 0.162849 0.45283
2 0.944808 0.0122242 0.110385 0.0243533 0.417922
2 0.675297 0.00813846 0.123934 0.0162769 0.399123
2 0.182671 0.51401 0.142945 0.134043 0.393477
2 0.947064 0.0171805 0.105539 0.0343535 0.380432
2 0.152637 0.786058 0.140513 0.132882 0.37306
