2 0.538621 0.284497 0.199795 0.489262 0.87602
11 0.942084 0.293693 0.0432987 0.0256214 0.739274
11 0.721614 0.22696 0.0282419 0.0463962 0.719683
2 0.275131 0.292825 0.303377 0.483401 0.626649
11 0.94334 0.217293 0.0516254 0.0336963 0.55205
11 0.935204 0.348388 0.0420109 0.0301027 0.547724
11 0.741866 0.148723 0.0406973 0.0296538 0.513602
2 0.430409 0.703549 0.858061 0.308829 0.470338
2 0.598979 0.683859 0.518632 0.263284 0.424793
2 0.160659 0.687824 0.321013 0.249235 0.407087
2 0.0211229 0.0296582 0.0422458 0.0592032 0.309919
2 0.955161 0.376517 0.089587 0.463174 0.257609
