7 0.186891 0.527991 0.0510847 0.0768757 0.826226
2 0.826408 0.863925 0.183532 0.270463 0.82583
7 0.0177819 0.943765 0.0355637 0.069664 0.797594
2 0.339408 0.793948 0.191706 0.207071 0.76754
3 0.214972 0.423662 0.103198 0.0571934 0.713818
7 0.171711 0.683291 0.0421216 0.0645731 0.708064
11 0.0521311 0.833955 0.032779 0.0530049 0.679782
11 0.219535 0.549044 0.0324991 0.045778 0.602939
11 0.0369104 0.88093 0.0312461 0.0476803 0.596587
2 0.598552 0.0719704 0.147077 0.14365 0.554613
2 0.806072 0.122376 0.217474 0.241244 0.524862
7 0.19533 0.604793 0.037441 0.0632515 0.508172
2 0.263068 0.928795 0.191584 0.142058 0.469374
2 0.609214 0.279816 0.453046 0.340469 0.416184
2 0.022852 0.568849 0.0456551 0.209953 0.390069
11 0.195743 0.605197 0.0394474 0.0632002 0.37313
11 0.612609 0.436483 0.0271439 0.0439703 0.352144
2 0.128573 0.179009 0.257146 0.358018 0.327159
2 0.476216 0.857343 0.141858 0.181838 0.326629
2 0.420621 0.609172 0.262588 0.265691 0.323562
2 0.891566 0.661807 0.216868 0.264077 0.305662
2 0.545244 0.608326 0.510019 0.277949 0.290089
