11 0.253414 0.744077 0.043212 0.041294 0.864192
11 0.17839 0.580598 0.0408241 0.0460999 0.863227
11 0.408039 0.154606 0.0242914 0.0477707 0.820836
2 0.181823 0.326372 0.189906 0.279401 0.819292
2 0.27949 0.0904062 0.227493 0.179356 0.802214
11 0.511581 0.414885 0.0302718 0.0415188 0.79758
7 0.585351 0.19749 0.0381946 0.0660122 0.764224
11 0.216253 0.773276 0.0443038 0.0403282 0.762857
7 0.791423 0.417505 0.0407882 0.0608626 0.738484
11 0.447972 0.513353 0.0325089 0.0462608 0.690268
2 0.0547122 0.533831 0.109419 0.274174 0.684138
11 0.617019 0.0189499 0.0232573 0.0378999 0.669098
7 0.419086 0.0816346 0.0295923 0.0567866 0.6242
11 0.628663 0.445669 0.031962 0.046145 0.586815
11 0.302939 0.418516 0.0382085 0.0487812 0.510873
2 0.412627 0.870285 0.436291 0.258214 0.469822
11 0.0758961 0.660691 0.0322837 0.0349938 0.375233
11 0.151118 0.912801 0.031607 0.0346567 0.281392
11 0.588668 0.468901 0.0252106 0.0268486 0.281051
11 0.920022 0.992463 0.0302285 0.0149636 0.253618
