2 0.0948716 0.462252 0.116451 0.121999 0.919903
2 0.378664 0.928291 0.10328 0.0865092 0.891459
2 0.201523 0.706452 0.146817 0.116177 0.881048
2 0.240493 0.936649 0.111767 0.113605 0.878873
11 0.631058 0.749968 0.0451199 0.0297764 0.871685
2 0.94911 0.519352 0.101342 0.174597 0.86518
2 0.197623 0.115053 0.395247 0.230106 0.861505
2 0.897636 0.866623 0.135574 0.136913 0.858518
7 0.36718 0.543457 0.0375726 0.0654055 0.856364
6 0.524593 0.0798561 0.110407 0.0884547 0.852526
7 0.332039 0.655252 0.0482729 0.0508777 0.838341
11 0.2944 0.531106 0.0419529 0.0457668 0.830673
3 0.51702 0.796765 0.0587082 0.0718193 0.830672
2 0.0394882 0.762752 0.0780388 0.0932318 0.815884
11 0.923583 0.389846 0.0259369 0.0438845 0.811524
2 0.598915 0.272516 0.404407 0.501492 0.797621
11 0.582012 0.757017 0.0430283 0.027664 0.784989
11 0.338951 0.847735 0.0486222 0.029113 0.782347
2 0.803312 0.917939 0.124756 0.149518 0.769274
3 0.438441 0.752712 0.0808869 0.053595 0.768469
11 0.276357 0.448994 0.0435345 0.0388045 0.767685
11 0.87404 0.705633 0.0372854 0.0306465 0.73314
3 0.224 0.269551 0.052843 0.0926062 0.727494
7 0.820256 0.721318 0.0667267 0.0398851 0.724735
11 0.332753 0.691783 0.0363563 0.0358442 0.720592
11 0.120389 0.345125 0.0390683 0.0286747 0.698001
3 0.392769 0.818899 0.0440074 0.0713373 0.682193
2 0.0835247 0.962967 0.128562 0.0740656 0.6557
3 0.343002 0.201778 0.0729238 0.0877966 0.647662
11 0.768782 0.730258 0.0368243 0.028817 0.486607
2 0.881031 0.113039 0.196849 0.225106 0.43281
2 0.593242 0.965957 0.121257 0.0678513 0.371107
7 0.672614 0.0102703 0.0447039 0.0203215 0.357005
11 0.669901 0.0101409 0.040278 0.0201817 0.350046
2 0.690966 0.937582 0.135928 0.114662 0.260513
