11 0.283583 0.572052 0.0465073 0.0293754 0.781972
11 0.178639 0.706934 0.0426953 0.0303146 0.775465
11 0.450545 0.764232 0.0499954 0.0312662 0.762374
11 0.475874 0.49581 0.0461645 0.0270028 0.748644
11 0.279806 0.652377 0.0425681 0.0255347 0.694777
11 0.552668 0.741406 0.0478376 0.0259782 0.687307
11 0.462741 0.66618 0.048739 0.0294803 0.682295
11 0.471864 0.539817 0.0473699 0.0324051 0.676304
2 0.284699 0.112457 0.346944 0.224846 0.675916
11 0.558133 0.670826 0.0459398 0.0256216 0.651872
2 0.820502 0.225322 0.209028 0.450644 0.62276
11 0.563352 0.59281 0.045363 0.0255764 0.622705
11 0.609315 0.521861 0.027244 0.0463879 0.619928
11 0.45205 0.7922 0.0471121 0.0269492 0.599724
11 0.542075 0.790894 0.0478487 0.0284464 0.572481
11 0.577093 0.494162 0.0366245 0.0286513 0.564913
11 0.564827 0.544725 0.0466987 0.0321982 0.557446
11 0.471446 0.566284 0.0423925 0.0250697 0.555437
11 0.54703 0.765716 0.0430157 0.027574 0.552276
11 0.558206 0.648044 0.0478419 0.0287041 0.551851
11 0.279183 0.625893 0.0422843 0.0308026 0.550828
11 0.444868 0.836886 0.0463665 0.0245999 0.549012
11 0.273972 0.74039 0.048273 0.0285585 0.546791
2 0.22783 0.830962 0.166299 0.161491 0.540291
11 0.562288 0.619072 0.0446863 0.0287218 0.528877
11 0.474432 0.636464 0.0443028 0.0271826 0.528107
11 0.354076 0.977745 0.0228702 0.0348801 0.518725
11 0.564761 0.569513 0.047962 0.0228842 0.485337
11 0.218973 0.966342 0.0282418 0.0218687 0.439862
11 0.448696 0.815929 0.0469662 0.0286589 0.428649
11 0.540074 0.816166 0.0465919 0.0264065 0.409893
7 0.328877 0.978163 0.0257229 0.0436743 0.356169
11 0.46239 0.693426 0.0536351 0.0263277 0.351921
11 0.46974 0.590089 0.0427546 0.0269562 0.307764
2 0.757951 0.733792 0.203564 0.528024 0.306001
11 0.536656 0.835167 0.041373 0.0252985 0.303639
11 0.564384 0.583105 0.0453253 0.0268736 0.30306
11 0.0662004 0.87154 0.0606044 0.025423 0.30221
11 0.467107 0.613164 0.0450663 0.0303133 0.28562
11 0.557136 0.715676 0.0452072 0.0293436 0.253496
