2 0.353842 0.908464 0.496855 0.183073 0.860566
2 0.419186 0.212714 0.268221 0.261983 0.838255
2 0.881416 0.562663 0.205833 0.188299 0.737976
3 0.0544262 0.975959 0.100762 0.0480828 0.6963
2 0.195687 0.339287 0.298442 0.247512 0.678505
2 0.663648 0.11572 0.259717 0.228779 0.665893
11 0.0230765 0.54138 0.0439439 0.0346501 0.651607
2 0.103451 0.148483 0.199972 0.169972 0.611256
2 0.8315 0.0681123 0.209908 0.134764 0.59216
2 0.936387 0.247194 0.127227 0.191784 0.513836
2 0.645598 0.400978 0.154527 0.178992 0.505143
2 0.698956 0.558559 0.176664 0.154851 0.489346
11 0.782505 0.706307 0.0369062 0.0282728 0.486942
2 0.822749 0.369281 0.236352 0.245503 0.47255
2 0.0372458 0.459562 0.0744916 0.164933 0.443533
2 0.0986283 0.0415915 0.1938 0.0829197 0.429635
2 0.24864 0.650285 0.201557 0.260047 0.399859
2 0.111676 0.723816 0.223046 0.275255 0.396658
11 0.528953 0.726151 0.0466629 0.0289776 0.38735
2 0.975752 0.650213 0.0484965 0.178339 0.378692
2 0.414385 0.667973 0.15752 0.130611 0.345939
11 0.905674 0.662078 0.0393425 0.0309601 0.341259
2 0.936792 0.309842 0.126416 0.297686 0.330905
2 0.34684 0.0682071 0.283264 0.136414 0.312336
2 0.0274753 0.258171 0.0549507 0.129254 0.311
2 0.642435 0.832753 0.209205 0.167897 0.310184
2 0.931346 0.830405 0.136916 0.114481 0.286461
2 0.54914 0.608018 0.183747 0.160153 0.282808
7 0.745471 0.226391 0.0521815 0.0422 0.254917
