2 0.68471 0.340664 0.116864 0.116608 0.901616
2 0.403859 0.521771 0.122751 0.147799 0.899139
2 0.672806 0.832625 0.239234 0.33286 0.894321
2 0.0523203 0.681101 0.104397 0.110535 0.89011
2 0.472942 0.921767 0.122528 0.121272 0.870938
2 0.237202 0.386919 0.142716 0.114804 0.866307
2 0.168028 0.916336 0.12632 0.118726 0.860761
2 0.7971 0.396313 0.0923041 0.113369 0.856115
2 0.939015 0.301841 0.101637 0.0910225 0.841737
2 0.918961 0.945071 0.124636 0.109492 0.836675
2 0.950962 0.183616 0.0980753 0.141264 0.827178
2 0.779272 0.0241744 0.117469 0.0482266 0.816797
11 0.185378 0.19598 0.0409242 0.0342503 0.8035
2 0.17068 0.629463 0.105477 0.112968 0.77686
2 0.404552 0.111863 0.144144 0.162658 0.77642
2 0.227859 0.0355942 0.109009 0.0708649 0.770321
11 0.231356 0.227881 0.035744 0.0330834 0.75259
11 0.459031 0.383002 0.0528916 0.0433355 0.74106
3 0.0189012 0.0403819 0.0378025 0.0659376 0.721923
2 0.914801 0.777974 0.169307 0.241723 0.720376
11 0.94365 0.683423 0.0581173 0.0495499 0.708485
11 0.138511 0.165063 0.0499412 0.0418227 0.707561
2 0.921741 0.434237 0.128077 0.187584 0.707242
11 0.29245 0.272421 0.043223 0.0344213 0.695803
2 0.548995 0.0273173 0.121697 0.0544274 0.664986
2 0.284364 0.719929 0.103264 0.172337 0.660714
2 0.0199798 0.959207 0.0399595 0.0804996 0.553468
2 0.0725514 0.305629 0.0980023 0.1122 0.533577
2 0.0168907 0.275504 0.0337259 0.11005 0.526175
11 0.0756187 0.0135974 0.0440479 0.0271949 0.524488
11 0.577662 0.430114 0.0437237 0.0373491 0.503616
2 0.0680669 0.33297 0.10496 0.165802 0.489978
2 0.956551 0.0840235 0.0868981 0.0854272 0.489547
11 0.535961 0.434801 0.0510704 0.0417055 0.454297
11 0.662745 0.417864 0.0232521 0.0434843 0.40748
3 0.623728 0.463012 0.0399813 0.0466562 0.356069
2 0.98734 0.0302382 0.0253193 0.0604763 0.283578
2 0.281376 0.759888 0.0940366 0.0935642 0.278647
