2 0.120539 0.351176 0.241078 0.251672 0.883812
2 0.743248 0.776434 0.513503 0.447131 0.853582
11 0.617066 0.105687 0.0508305 0.0460228 0.851749
3 0.225617 0.543037 0.115923 0.100533 0.795838
3 0.833701 0.16813 0.0746359 0.0911659 0.787761
3 0.119365 0.753406 0.0992131 0.0552921 0.783135
11 0.268681 0.617632 0.0300529 0.0422611 0.768508
11 0.44074 0.583936 0.0384993 0.0473921 0.722205
3 0.2634 0.688064 0.099338 0.10875 0.720608
3 0.0619948 0.547038 0.12399 0.111388 0.711973
2 0.770558 0.337872 0.212758 0.171092 0.710319
2 0.330513 0.898347 0.331055 0.201848 0.708889
11 0.0575933 0.485036 0.0427517 0.0397453 0.70844
11 0.133987 0.842915 0.0267915 0.0642388 0.665852
11 0.121587 0.977858 0.0238799 0.04371 0.661486
11 0.465886 0.429325 0.0410978 0.0400974 0.645644
11 0.657652 0.149781 0.0355421 0.0501158 0.644374
3 0.0194826 0.686785 0.0389653 0.0957319 0.64125
11 0.503517 0.409897 0.0367852 0.0322679 0.634954
11 0.550887 0.497183 0.0299756 0.0390812 0.631993
11 0.0723852 0.923272 0.0261422 0.0489663 0.617218
7 0.0867832 0.802544 0.0265083 0.0513361 0.587031
11 0.571805 0.480228 0.0295786 0.0381145 0.572898
2 0.76649 0.0652751 0.464283 0.13055 0.568191
2 0.321027 0.203411 0.270766 0.334682 0.54592
11 0.302067 0.527073 0.0412232 0.0412841 0.451776
7 0.008243 0.618959 0.0164626 0.0435867 0.434514
11 0.63964 0.887112 0.0325197 0.0265616 0.388754
11 0.344261 0.502988 0.0459195 0.0404514 0.356837
7 0.0723922 0.923326 0.026568 0.050094 0.343468
2 0.923267 0.557552 0.153466 0.335919 0.341715
2 0.396927 0.897248 0.460678 0.205503 0.286535
2 0.0431172 0.948792 0.0858588 0.102416 0.268814
2 0.149045 0.0491731 0.198475 0.0983109 0.25512
