2 0.19339 0.777388 0.146729 0.126327 0.88583
2 0.38595 0.788494 0.0979003 0.118459 0.873558
2 0.450523 0.111779 0.357059 0.126152 0.859927
11 0.771651 0.446072 0.0342153 0.0452393 0.855992
2 0.856227 0.892037 0.119224 0.110568 0.844139
2 0.756707 0.656805 0.139355 0.148859 0.832557
2 0.53929 0.828911 0.0956246 0.109344 0.827316
2 0.127355 0.856817 0.108914 0.109262 0.818835
11 0.882 0.313798 0.0443359 0.0395254 0.818437
11 0.0650966 0.198974 0.0301641 0.0439474 0.807388
11 0.929307 0.346038 0.0469708 0.0413286 0.804905
11 0.639647 0.635758 0.0311968 0.0422365 0.80482
11 0.469759 0.714524 0.0430089 0.025424 0.801801
2 0.952642 0.737235 0.0947161 0.111447 0.790072
11 0.633203 0.759581 0.0434876 0.0319945 0.774662
7 0.538087 0.730872 0.0543509 0.034412 0.774221
11 0.662989 0.597797 0.030623 0.0411415 0.771606
11 0.77999 0.746856 0.0407871 0.0318995 0.765069
11 0.801968 0.488208 0.0353154 0.0414114 0.75918
11 0.930759 0.829174 0.0375757 0.026795 0.758609
11 0.744669 0.487046 0.0344805 0.0422327 0.755183
11 0.690566 0.558682 0.0324794 0.0409269 0.751994
2 0.721993 0.335227 0.113895 0.103389 0.740605
11 0.396874 0.948113 0.023491 0.0436251 0.739662
2 0.638779 0.879595 0.170344 0.142351 0.699999
2 0.218219 0.934817 0.0961675 0.110761 0.659037
11 0.840682 0.292983 0.0385431 0.0349113 0.65667
2 0.967852 0.960232 0.0642969 0.0787687 0.638768
2 0.838025 0.537375 0.130975 0.148904 0.638517
2 0.530656 0.634901 0.0963503 0.0915361 0.632302
2 0.635736 0.529605 0.116276 0.109231 0.621865
11 0.8372 0.440381 0.0300869 0.0356518 0.613663
11 0.97184 0.37769 0.0395847 0.0367354 0.604634
2 0.87409 0.235167 0.0993996 0.102177 0.554244
2 0.973946 0.535788 0.0518215 0.11753 0.54059
2 0.810708 0.186983 0.102787 0.104955 0.523945
2 0.465489 0.809725 0.0874048 0.0919747 0.523217
11 0.799704 0.265759 0.0417369 0.043102 0.508677
2 0.965555 0.0430578 0.0688892 0.0859823 0.485588
2 0.205498 0.117922 0.148278 0.118053 0.483622
11 0.716042 0.7348 0.0504271 0.0338959 0.475425
11 0.570022 0.686 0.0399996 0.0239956 0.468757
2 0.683742 0.474205 0.0908102 0.0944082 0.462413
11 0.716628 0.612074 0.0337408 0.0391548 0.45931
2 0.595025 0.589779 0.111108 0.0987837 0.425351
2 0.0996994 0.988011 0.104745 0.0239783 0.405449
2 0.677096 0.880196 0.0949803 0.141782 0.404854
2 0.855358 0.014616 0.0893348 0.0290837 0.398656
2 0.978561 0.345767 0.0427002 0.10257 0.39642
7 0.716346 0.734859 0.0502706 0.0336127 0.391143
2 0.930822 0.282754 0.0879744 0.0981407 0.366099
2 0.981308 0.302059 0.0373839 0.154214 0.359098
11 0.800068 0.400502 0.0332412 0.0465284 0.307485
2 0.713112 0.402476 0.117284 0.0928138 0.275563
2 0.930181 0.478319 0.131299 0.116681 0.265282
