11 0.205604 0.222867 0.0417485 0.0406343 0.817922
2 0.705747 0.849731 0.286012 0.298339 0.797009
2 0.402493 0.64431 0.460545 0.465914 0.794802
11 0.152845 0.392354 0.0476603 0.0467203 0.776949
11 0.622086 0.193174 0.0441966 0.0368 0.772667
11 0.796152 0.0745172 0.0497658 0.0399787 0.768844
11 0.293465 0.163086 0.0438266 0.0458337 0.762553
11 0.20514 0.148973 0.0494084 0.048528 0.758322
2 0.742593 0.327248 0.513054 0.39818 0.701191
11 0.0515192 0.212647 0.0368692 0.0536512 0.666824
11 0.165374 0.186166 0.0421065 0.0480938 0.657955
7 0.401186 0.346525 0.0492083 0.051047 0.643268
11 0.584521 0.0344698 0.0497328 0.0441953 0.641152
7 0.192276 0.46397 0.0634769 0.0510473 0.502968
7 0.0936559 0.492463 0.0718911 0.0386398 0.492147
11 0.401076 0.346651 0.050407 0.0510584 0.462529
11 0.512718 0.75985 0.0313069 0.0355629 0.391589
11 0.0259008 0.228012 0.037484 0.0544687 0.383441
2 0.16201 0.0767988 0.165467 0.153595 0.332246
11 0.00867116 0.238326 0.0168922 0.0468003 0.327502
2 0.516655 0.933863 0.26719 0.131194 0.315792
7 0.628744 0.229011 0.0588906 0.0625283 0.292514
