2 0.11841 0.671549 0.231388 0.22462 0.94585
2 0.294987 0.306257 0.141504 0.1385 0.940507
2 0.213283 0.501913 0.137265 0.140057 0.928072
2 0.555891 0.557919 0.149225 0.151189 0.915076
2 0.37889 0.130795 0.145979 0.135608 0.914414
2 0.466102 0.889426 0.151687 0.149041 0.888717
2 0.455509 0.727805 0.110914 0.118207 0.843271
2 0.729682 0.110939 0.136744 0.108163 0.838679
7 0.347191 0.724023 0.0428334 0.0632481 0.829008
11 0.264142 0.896867 0.0332792 0.0466187 0.813696
7 0.376073 0.662633 0.0402906 0.0582781 0.797221
2 0.569421 0.390105 0.104233 0.120801 0.774747
11 0.241245 0.943791 0.0317046 0.04333 0.774711
2 0.943863 0.601491 0.103561 0.132958 0.689133
2 0.04256 0.884194 0.0851147 0.120718 0.666656
2 0.733374 0.236131 0.212149 0.1694 0.65272
2 0.918223 0.0224184 0.134035 0.0448368 0.643195
11 0.344098 0.491018 0.0380752 0.0459995 0.636782
2 0.520855 0.0687301 0.142602 0.136337 0.526552
2 0.123432 0.351595 0.070052 0.0627104 0.508442
