2 0.595987 0.775333 0.115431 0.0962849 0.886155
11 0.470949 0.342897 0.0370132 0.0493499 0.834988
11 0.143426 0.987009 0.0511512 0.0259825 0.821443
11 0.414447 0.211668 0.0467019 0.033381 0.817996
2 0.750081 0.663843 0.11851 0.113213 0.810215
11 0.537627 0.282029 0.0429067 0.0365907 0.799843
2 0.0599008 0.946968 0.119739 0.105757 0.782841
2 0.538729 0.632978 0.200423 0.142058 0.764693
11 0.344926 0.160676 0.0455299 0.0437513 0.75339
2 0.910466 0.641305 0.179068 0.190174 0.750136
2 0.297625 0.780604 0.198662 0.222738 0.74708
2 0.873455 0.964528 0.156534 0.0705959 0.717848
11 0.447636 0.229466 0.0436369 0.0337353 0.692176
2 0.671774 0.219594 0.158872 0.191395 0.684495
11 0.436243 0.913582 0.0488756 0.0330834 0.659371
11 0.306534 0.243181 0.0333593 0.0434983 0.649598
11 0.474977 0.249345 0.0429768 0.0330427 0.59901
2 0.311738 0.436589 0.318607 0.322934 0.561878
2 0.682386 0.988026 0.11998 0.0239471 0.516383
2 0.859832 0.266521 0.280061 0.518135 0.503764
11 0.407285 0.308289 0.0303708 0.0430363 0.493455
11 0.559247 0.39763 0.0296487 0.0356764 0.455504
11 0.385053 0.294993 0.0340174 0.0441582 0.43875
2 0.272919 0.906538 0.149661 0.0947445 0.417351
2 0.984404 0.955166 0.0309147 0.0896678 0.415951
11 0.287189 0.227581 0.0350668 0.0516206 0.392201
2 0.66691 0.99001 0.147413 0.0196802 0.301839
2 0.0953542 0.785573 0.19062 0.225049 0.256622
