3 0.0196858 0.860835 0.0393407 0.0808638 0.858372
11 0.321647 0.925008 0.0427031 0.0300171 0.843341
3 0.517803 0.92335 0.0402668 0.0855959 0.750601
11 0.149813 0.909928 0.0496159 0.0279946 0.737839
3 0.571966 0.978203 0.0801058 0.0435945 0.721345
11 0.229526 0.913325 0.0451448 0.0277205 0.643131
3 0.912309 0.975107 0.0500256 0.049786 0.474421
11 0.447097 0.938923 0.0549605 0.0346718 0.448962
11 0.276274 0.981699 0.0225183 0.0361336 0.4394
2 0.0414256 0.951169 0.0825436 0.0976622 0.367459
11 0.101086 0.980089 0.0246108 0.0392452 0.303629
11 0.371369 0.931898 0.0529095 0.0348465 0.300864
11 0.320728 0.992397 0.0376978 0.0152067 0.28228
