2 0.495072 0.185968 0.238116 0.232601 0.912932
2 0.101245 0.720861 0.202489 0.239716 0.863754
2 0.788613 0.901034 0.2331 0.197899 0.863324
11 0.315204 0.392546 0.0416207 0.0397819 0.841163
11 0.0846006 0.213363 0.0387376 0.0418223 0.807424
11 0.138692 0.122626 0.0282405 0.0436065 0.785856
2 0.693123 0.722328 0.175545 0.207431 0.770452
2 0.930171 0.40052 0.139052 0.218917 0.765267
2 0.799269 0.0620389 0.125663 0.122045 0.746688
11 0.265265 0.344871 0.0384942 0.0412731 0.705537
2 0.595407 0.427941 0.188593 0.270835 0.679726
7 0.206173 0.0481738 0.0280623 0.0577557 0.673029
2 0.189284 0.469278 0.378567 0.362956 0.544906
2 0.100587 0.39021 0.201174 0.207302 0.538002
11 0.254704 0.324167 0.0360095 0.0344247 0.529044
11 0.647346 0.00678106 0.0398207 0.0135621 0.520977
11 0.288101 0.35592 0.0337428 0.0346667 0.508341
11 0.398325 0.503629 0.0362813 0.0375543 0.470597
9 0.073479 0.11084 0.145144 0.221681 0.395095
2 0.453717 0.952397 0.444009 0.0949174 0.351418
2 0.232721 0.525009 0.289272 0.246152 0.335634
11 0.21139 0.00871237 0.0207827 0.0174247 0.325726
2 0.66413 0.595158 0.190989 0.160363 0.288104
11 0.378349 0.459951 0.0358225 0.0401959 0.255978
