7 0.763344 0.17303 0.0693051 0.0567121 0.889121
6 0.249129 0.476388 0.0848858 0.0693862 0.860671
3 0.1506 0.482172 0.0843351 0.134677 0.85403
2 0.515393 0.859323 0.346428 0.281355 0.852046
11 0.660002 0.804736 0.0339142 0.0422626 0.815855
11 0.764735 0.958991 0.0358326 0.0446155 0.811023
11 0.135821 0.792583 0.0414433 0.0487902 0.788382
11 0.0934684 0.730737 0.046117 0.0633976 0.787262
11 0.702247 0.984355 0.0270119 0.031291 0.785334
3 0.0893941 0.642981 0.11451 0.0953074 0.772155
7 0.533044 0.225429 0.0682991 0.051756 0.761533
11 0.436478 0.338455 0.0380338 0.0575889 0.726224
11 0.656376 0.696649 0.0366855 0.0465352 0.721338
2 0.314612 0.595736 0.257624 0.222878 0.718389
11 0.344849 0.302459 0.0529205 0.0439882 0.715559
11 0.339353 0.939785 0.0407795 0.0500568 0.680371
11 0.372726 0.98163 0.0412456 0.0367403 0.666455
11 0.01761 0.447018 0.0352201 0.0550417 0.655756
3 0.0385116 0.439819 0.0770232 0.0716382 0.654118
11 0.259586 0.933378 0.0418951 0.0530765 0.653404
11 0.213753 0.427195 0.0511396 0.045015 0.652834
11 0.712487 0.879233 0.0407958 0.0483898 0.643935
7 0.772639 0.87079 0.0499312 0.0637558 0.575425
2 0.381674 0.197199 0.761035 0.394398 0.565094
11 0.0094054 0.523945 0.0187424 0.0464666 0.557276
7 0.338925 0.939891 0.0415517 0.0501152 0.538393
11 0.73996 0.916395 0.0357822 0.0403359 0.53076
11 0.686298 0.840423 0.0333641 0.0371425 0.52047
11 0.54733 0.292208 0.0681185 0.0520797 0.516882
3 0.470324 0.298267 0.0749988 0.115744 0.513233
2 0.365049 0.596495 0.362456 0.238554 0.485418
11 0.207058 0.893493 0.0460061 0.0593189 0.456461
2 0.0935486 0.873601 0.186817 0.249381 0.455317
11 0.572413 0.807261 0.025272 0.0430925 0.42136
11 0.608728 0.851084 0.0257906 0.0490305 0.412047
11 0.204622 0.886962 0.0402407 0.0478417 0.358363
11 0.550511 0.782142 0.0306083 0.0531359 0.355893
11 0.0249406 0.359666 0.0298168 0.0522416 0.35564
3 0.437202 0.425289 0.0789754 0.0686642 0.338099
11 0.24764 0.946609 0.0306917 0.0396832 0.319702
2 0.843596 0.235483 0.227889 0.179582 0.314866
11 0.347194 0.993989 0.0329308 0.0120226 0.305489
2 0.650866 0.410525 0.261667 0.249121 0.302507
11 0.365316 0.988402 0.038878 0.0231953 0.292944
2 0.734349 0.600483 0.448703 0.623677 0.263346
2 0.687845 0.586896 0.179409 0.197152 0.250989
