2 0.240232 0.567994 0.118462 0.136084 0.893246
2 0.455452 0.697071 0.098826 0.107434 0.888575
11 0.51787 0.868222 0.0392956 0.0364767 0.866975
11 0.901235 0.157543 0.0362934 0.0478883 0.861543
11 0.87445 0.103842 0.033477 0.0430245 0.841176
2 0.144505 0.723699 0.0904159 0.0763977 0.831667
2 0.760327 0.949967 0.121058 0.0997684 0.823589
2 0.104135 0.291631 0.147579 0.130753 0.821454
2 0.399646 0.875952 0.134146 0.12965 0.817552
11 0.933706 0.218456 0.035838 0.0493564 0.811528
2 0.64098 0.118274 0.13795 0.141133 0.809757
2 0.892526 0.740752 0.142228 0.143041 0.807655
11 0.9712 0.288128 0.0388185 0.0481275 0.789539
11 0.954763 0.529473 0.0373297 0.0329392 0.777457
2 0.494293 0.148919 0.112556 0.121872 0.773758
11 0.0537763 0.216864 0.0459459 0.0315652 0.757366
2 0.575894 0.740864 0.122423 0.124367 0.754646
2 0.855726 0.284077 0.113147 0.108012 0.749274
2 0.29213 0.209194 0.120627 0.157591 0.73825
11 0.432897 0.927616 0.0437719 0.040395 0.736463
2 0.738664 0.815341 0.122189 0.119521 0.724541
2 0.628384 0.924343 0.105166 0.0954932 0.723776
7 0.986524 0.497768 0.0269528 0.0430369 0.711013
2 0.851373 0.502095 0.113406 0.102012 0.663885
2 0.962998 0.118647 0.0740044 0.115038 0.66341
2 0.0652042 0.0570151 0.105221 0.0942746 0.649662
2 0.745333 0.567501 0.106796 0.124182 0.626803
2 0.436643 0.189673 0.0965287 0.107688 0.603701
2 0.97955 0.634212 0.0409004 0.124578 0.58829
2 0.790963 0.228614 0.0866551 0.0875735 0.548507
11 0.849662 0.0566138 0.0388928 0.0523103 0.523693
2 0.70319 0.0737632 0.0890647 0.120687 0.499252
2 0.454023 0.806148 0.114363 0.0981978 0.458249
2 0.127384 0.0330436 0.0904318 0.0660298 0.453918
2 0.315288 0.907249 0.0923359 0.109429 0.449402
3 0.424318 0.029084 0.0573973 0.058168 0.437981
2 0.936429 0.443038 0.127141 0.127111 0.436826
11 0.821108 0.631107 0.0454678 0.041329 0.430651
2 0.528238 0.974536 0.114752 0.0507477 0.428788
2 0.65328 0.68088 0.093538 0.104178 0.425762
2 0.126951 0.840267 0.140544 0.159852 0.396904
2 0.0266544 0.0342323 0.0533088 0.0682143 0.388679
2 0.792511 0.0988612 0.10199 0.126877 0.38836
11 0.394709 0.956665 0.0271859 0.0276487 0.386452
11 0.366595 0.978394 0.0304438 0.0300232 0.385877
2 0.797083 0.768721 0.102664 0.10592 0.379238
2 0.161493 0.833856 0.214494 0.169196 0.363046
2 0.696768 0.629098 0.102341 0.110826 0.334748
11 0.988088 0.331163 0.0238247 0.041408 0.285396
7 0.821085 0.631066 0.0455636 0.041373 0.283993
2 0.712483 0.982798 0.0777144 0.0342858 0.276517
2 0.197437 0.825605 0.142742 0.157536 0.261247
