11 0.28033 0.658418 0.0407665 0.0400841 0.858146
11 0.674503 0.0996462 0.0358651 0.0374114 0.84639
11 0.689263 0.15963 0.0412004 0.0392366 0.840773
11 0.514392 0.27035 0.0456138 0.0403168 0.829727
11 0.42675 0.76802 0.0402821 0.0366236 0.808827
11 0.236707 0.616121 0.0483249 0.0478748 0.792254
11 0.429768 0.848936 0.044615 0.0320999 0.787891
11 0.238764 0.8864 0.0357767 0.0297367 0.772618
11 0.451279 0.268632 0.0376172 0.039179 0.766027
11 0.412424 0.597372 0.0417642 0.0353824 0.75404
11 0.319767 0.725079 0.033329 0.0350156 0.736765
11 0.433915 0.898901 0.0427204 0.0291986 0.726399
11 0.217399 0.76362 0.0419435 0.0416816 0.720291
11 0.449185 0.928312 0.037392 0.0264316 0.717987
11 0.358252 0.760259 0.038731 0.0390785 0.698528
11 0.42337 0.629494 0.0319219 0.0363503 0.666352
11 0.340458 0.682323 0.036589 0.0329905 0.581518
3 0.778409 0.0217181 0.052825 0.0433143 0.580761
11 0.308474 0.618002 0.0338768 0.0268297 0.57823
11 0.376948 0.714585 0.0393654 0.0401529 0.575368
11 0.352695 0.917904 0.033837 0.0299217 0.574294
11 0.483781 0.808692 0.0380606 0.0312234 0.555264
11 0.474999 0.699549 0.0299944 0.0279738 0.531236
11 0.291034 0.686392 0.0343263 0.0341285 0.465044
11 0.513331 0.841059 0.0395712 0.0282169 0.449189
11 0.23433 0.790239 0.04446 0.0414627 0.413754
11 0.370611 0.781868 0.0336096 0.0322093 0.376401
11 0.374489 0.789045 0.0387905 0.0434596 0.347864
11 0.286766 0.604023 0.0292528 0.0250214 0.337911
11 0.442991 0.654076 0.0351847 0.0326424 0.33586
11 0.358466 0.697461 0.0343111 0.0331385 0.323657
11 0.415147 0.980505 0.0319737 0.0350579 0.30337
3 0.110563 0.54475 0.0575044 0.0862122 0.28384
3 0.0590693 0.47123 0.0678218 0.0741905 0.258597
