2 0.479335 0.436561 0.451493 0.282919 0.954327
2 0.0715035 0.397175 0.141676 0.279626 0.905806
11 0.242761 0.36574 0.0366756 0.028144 0.777802
11 0.737391 0.450705 0.0470311 0.0325272 0.767994
2 0.580663 0.862144 0.437528 0.269066 0.760323
11 0.163128 0.319168 0.0215092 0.0464227 0.747848
2 0.925219 0.307114 0.149563 0.614229 0.743477
11 0.157975 0.473763 0.0399675 0.0263275 0.736325
11 0.729192 0.515411 0.0466453 0.0306797 0.728985
11 0.8374 0.438939 0.0322817 0.0313917 0.662389
2 0.123479 0.716845 0.246401 0.142886 0.644928
11 0.834975 0.494267 0.0318257 0.0279701 0.639417
7 0.834713 0.126798 0.0256893 0.0541245 0.624432
2 0.883991 0.887406 0.231601 0.225188 0.616248
11 0.246457 0.61355 0.040057 0.0237762 0.61298
11 0.240681 0.448726 0.0340061 0.030683 0.596954
2 0.0845425 0.0715489 0.169085 0.142087 0.58739
11 0.237571 0.482471 0.0356615 0.0307983 0.575791
11 0.24357 0.419933 0.032435 0.0245223 0.551613
3 0.213233 0.220784 0.0778179 0.0874281 0.50087
11 0.862455 0.00994806 0.0499874 0.0198529 0.496594
11 0.246489 0.334984 0.0347217 0.0280041 0.490754
3 0.801892 0.257852 0.0817198 0.0840819 0.476347
11 0.916816 0.0189193 0.059358 0.0337175 0.399695
11 0.832443 0.520995 0.0365831 0.0267095 0.389492
11 0.917464 0.0108039 0.0604082 0.0216078 0.355972
11 0.244726 0.396368 0.0333326 0.0269937 0.326288
7 0.861397 0.00997009 0.0462407 0.0198129 0.290549
7 0.917025 0.057128 0.0555897 0.041784 0.288825
11 0.715327 0.694306 0.0531266 0.027197 0.28249
11 0.24426 0.402561 0.0331977 0.0239229 0.27508
11 0.917248 0.0570384 0.0551937 0.0411197 0.260968
7 0.715968 0.69357 0.0529648 0.0291832 0.259772
