6 0.915346 0.544319 0.104207 0.0740563 0.927139
2 0.659192 0.820449 0.142854 0.146767 0.783497
11 0.117389 0.977084 0.0485824 0.0429752 0.766566
7 0.507375 0.76496 0.0595047 0.0410955 0.727426
11 0.0733915 0.988924 0.0475804 0.022152 0.69182
11 0.167151 0.95537 0.040991 0.0313725 0.679264
2 0.794268 0.206638 0.411464 0.413099 0.676901
7 0.694556 0.195401 0.0435728 0.061748 0.639387
2 0.479084 0.904558 0.233461 0.189301 0.512781
2 0.915906 0.923669 0.167506 0.152571 0.494604
11 0.301661 0.879592 0.0382389 0.0297111 0.482963
11 0.562707 0.736795 0.0260729 0.0233002 0.480524
2 0.9065 0.680148 0.187 0.271474 0.477869
2 0.293647 0.964401 0.151963 0.0711918 0.399556
2 0.918352 0.872885 0.163277 0.25332 0.308632
