2 0.763398 0.332609 0.133874 0.51289 0.886417
2 0.524816 0.802395 0.131762 0.393121 0.875309
2 0.122099 0.639528 0.132871 0.148102 0.803482
7 0.746654 0.739144 0.0434589 0.053183 0.766635
2 0.0421957 0.938157 0.0843913 0.123651 0.685797
2 0.0895116 0.390391 0.179023 0.213491 0.684919
2 0.0791743 0.0941857 0.158073 0.187509 0.680181
11 0.805768 0.893828 0.0575612 0.0356655 0.505813
11 0.794392 0.915742 0.0454324 0.0330143 0.505579
11 0.771489 0.968461 0.0484419 0.0370037 0.444797
2 0.187295 0.755337 0.142379 0.152645 0.369176
2 0.966919 0.0291894 0.066163 0.0583789 0.328537
