2 0.908451 0.117617 0.183098 0.233519 0.707256
11 0.128328 0.61178 0.0273642 0.0452589 0.650383
2 0.722181 0.370022 0.48338 0.430507 0.636909
11 0.122556 0.346149 0.0367824 0.0294603 0.602793
11 0.125373 0.167923 0.0254056 0.0342503 0.584897
2 0.16702 0.939864 0.172045 0.120273 0.583796
2 0.298266 0.292233 0.285016 0.376684 0.468234
11 0.103243 0.602176 0.0230169 0.0366188 0.434424
2 0.262264 0.0555916 0.208705 0.111183 0.432036
2 0.557006 0.348958 0.843127 0.487229 0.380468
7 0.0868135 0.122898 0.0567373 0.037894 0.352949
2 0.526162 0.675315 0.705354 0.39781 0.269374
2 0.908737 0.917132 0.182526 0.136806 0.2676
2 0.908467 0.798332 0.182659 0.403336 0.256527
