11 0.102755 0.156443 0.0394002 0.0496516 0.812942
11 0.275138 0.918756 0.0309184 0.045722 0.779917
11 0.244793 0.190627 0.0282037 0.0524592 0.767961
11 0.212723 0.350067 0.0331249 0.0482426 0.698215
11 0.247223 0.305225 0.0262763 0.0499597 0.696252
11 0.0523662 0.196988 0.0354961 0.0432368 0.676129
3 0.270946 0.0812609 0.141867 0.136 0.641608
3 0.280386 0.291195 0.0664796 0.0766957 0.559354
7 0.0117139 0.102034 0.023352 0.050944 0.466808
2 0.712225 0.877729 0.346929 0.243222 0.345608
3 0.259657 0.0669953 0.118992 0.109907 0.340954
