2 0.924325 0.747064 0.100429 0.152872 0.896221
2 0.76031 0.215808 0.150739 0.118411 0.87266
2 0.780785 0.552068 0.0988472 0.102078 0.869869
2 0.766626 0.652706 0.116074 0.120912 0.847919
2 0.89578 0.934901 0.100629 0.130198 0.826611
7 0.901721 0.610299 0.0308063 0.065027 0.799584
2 0.405528 0.571233 0.165039 0.083752 0.795106
11 0.733506 0.895676 0.0228751 0.0424999 0.765456
7 0.650675 0.905357 0.0399486 0.0605078 0.751373
2 0.745713 0.761212 0.106661 0.119967 0.72839
2 0.0606045 0.969003 0.120778 0.0615414 0.61486
2 0.556146 0.32086 0.107539 0.0879822 0.605043
11 0.838929 0.730615 0.022707 0.0410647 0.602232
11 0.254816 0.940607 0.0425078 0.0339634 0.584473
2 0.287406 0.162399 0.20996 0.163226 0.545478
2 0.953251 0.104894 0.0934988 0.0838505 0.475501
11 0.698143 0.88574 0.0288048 0.0418854 0.474603
11 0.332041 0.37906 0.0508203 0.0251466 0.467291
2 0.980351 0.528736 0.0392982 0.21274 0.461378
11 0.926438 0.334467 0.0261353 0.0466249 0.413953
11 0.119926 0.622487 0.0387964 0.0350692 0.395354
11 0.918593 0.392888 0.0262825 0.0468126 0.377644
11 0.251323 0.917981 0.0366789 0.0252014 0.293294
11 0.179892 0.748413 0.0428537 0.0380325 0.282169
11 0.279183 0.372123 0.0522328 0.0299335 0.277653
