11 0.912288 0.128924 0.0296303 0.0440014 0.759008
2 0.270489 0.120943 0.306895 0.238721 0.562421
6 0.772801 0.367885 0.0985499 0.0762574 0.51579
11 0.957001 0.107082 0.0340587 0.040574 0.513597
7 0.411622 0.406069 0.0465367 0.0575639 0.481319
7 0.932034 0.0175278 0.0552551 0.0350556 0.396835
11 0.932564 0.0175609 0.053022 0.0351217 0.373319
7 0.979703 0.0866332 0.0356533 0.0485522 0.340262
11 0.976931 0.00638697 0.0400212 0.0127739 0.308486
7 0.868946 0.452518 0.0631122 0.0480369 0.277284
7 0.647917 0.488921 0.045631 0.0445067 0.262887
