3 0.261144 0.292708 0.0833179 0.0486461 0.853501
11 0.922008 0.0915267 0.0257463 0.0494601 0.802112
2 0.719387 0.0932142 0.181236 0.185244 0.796563
2 0.438386 0.499867 0.265052 0.192762 0.781003
11 0.196905 0.193479 0.0251865 0.0514207 0.779304
2 0.425931 0.239765 0.259103 0.315553 0.767868
2 0.818359 0.821611 0.227563 0.196642 0.749168
3 0.290243 0.171771 0.0987426 0.0929302 0.747944
11 0.939508 0.190255 0.0206536 0.0402305 0.73665
11 0.144974 0.197326 0.0247576 0.0467043 0.732662
11 0.24558 0.383161 0.0245086 0.0472316 0.717256
11 0.2514 0.430669 0.020294 0.0450855 0.697283
11 0.16931 0.196196 0.0246203 0.0463785 0.690727
2 0.129297 0.672067 0.257363 0.655094 0.68883
11 0.896739 0.338896 0.0253572 0.0436996 0.688803
11 0.969544 0.349457 0.022427 0.0381273 0.685929
2 0.454077 0.834851 0.232897 0.326505 0.682263
2 0.0626902 0.096887 0.124931 0.156543 0.670485
11 0.842448 0.0542776 0.0236882 0.0439613 0.66421
11 0.0573676 0.20857 0.0236031 0.0422626 0.659861
2 0.0798635 0.937149 0.159727 0.118937 0.649152
11 0.227773 0.179787 0.0255916 0.0463225 0.642223
11 0.260354 0.51823 0.0223759 0.0448511 0.608838
11 0.0859183 0.201616 0.023899 0.0417751 0.59629
11 0.0294621 0.208058 0.0211133 0.0506583 0.586021
11 0.890368 0.29464 0.0207722 0.0319501 0.56127
11 0.97744 0.396736 0.0257412 0.0457209 0.552774
7 0.00736758 0.220313 0.0147352 0.0651404 0.51248
11 0.342403 0.599339 0.0187246 0.0310152 0.472402
11 0.255656 0.470111 0.0203732 0.0328187 0.450677
11 0.283894 0.719319 0.0224635 0.0349297 0.443115
11 0.932592 0.143344 0.0238381 0.0382663 0.442915
11 0.279153 0.680406 0.024197 0.0501828 0.426725
11 0.287664 0.762365 0.0224867 0.0469337 0.418727
11 0.987216 0.448513 0.0249939 0.0494598 0.362053
11 0.995108 0.397762 0.00978339 0.04075 0.330855
2 0.779036 0.492431 0.276392 0.475617 0.25918
11 0.990488 0.453202 0.0187794 0.0442526 0.254053
