2 0.404975 0.115542 0.172416 0.139909 0.912122
2 0.696481 0.23824 0.170653 0.13444 0.907684
2 0.424509 0.891203 0.160878 0.120226 0.900303
2 0.92373 0.597929 0.15254 0.181441 0.892888
2 0.630238 0.837369 0.155325 0.106338 0.881572
2 0.171266 0.77341 0.089953 0.092697 0.878313
2 0.428447 0.582649 0.13373 0.109796 0.875291
11 0.0829825 0.0610104 0.0528948 0.0378678 0.87304
2 0.625557 0.946131 0.1161 0.105888 0.871908
2 0.07819 0.60386 0.15638 0.111471 0.871493
2 0.265578 0.048235 0.143181 0.0964699 0.8706
3 0.253562 0.38834 0.0823354 0.0430139 0.854415
2 0.558999 0.169998 0.135139 0.133618 0.845538
2 0.437366 0.435678 0.107563 0.130201 0.827583
2 0.108697 0.221706 0.125051 0.118907 0.825567
11 0.132244 0.0857912 0.0430409 0.033469 0.822658
2 0.930418 0.955793 0.139164 0.0884137 0.821102
2 0.429342 0.785233 0.133279 0.0863331 0.805481
2 0.0318417 0.891635 0.0635554 0.0982433 0.803646
11 0.242776 0.789658 0.0253755 0.0463808 0.797735
11 0.247636 0.838953 0.0216454 0.0406223 0.780487
11 0.176863 0.111448 0.0483768 0.0407973 0.749138
2 0.728443 0.459174 0.119223 0.0875477 0.702183
2 0.064898 0.817489 0.1007 0.072398 0.67218
2 0.425611 0.686453 0.163972 0.129268 0.668074
11 0.0542241 0.356049 0.0436613 0.0230651 0.649527
11 0.0148183 0.359121 0.0296138 0.0250409 0.614929
2 0.628874 0.472919 0.0882474 0.105531 0.598349
7 0.245424 0.723821 0.027328 0.0584617 0.583995
11 0.285035 0.498356 0.0232136 0.0423669 0.574606
2 0.160272 0.987229 0.126376 0.0253691 0.481832
2 0.0230491 0.980617 0.0460982 0.0381938 0.48058
2 0.133757 0.473726 0.131471 0.164362 0.462488
11 0.589694 0.242901 0.0363714 0.0486391 0.459541
2 0.403434 0.332076 0.0950232 0.0876548 0.441353
2 0.937057 0.101959 0.125589 0.203919 0.331546
2 0.939345 0.071553 0.121309 0.143106 0.281734
