2 0.620029 0.828553 0.224962 0.267991 0.930649
2 0.330946 0.817348 0.14834 0.121543 0.916899
2 0.850921 0.642665 0.193916 0.2075 0.916637
2 0.903787 0.211328 0.185021 0.172037 0.90617
3 0.866206 0.943849 0.0693224 0.0575775 0.894132
2 0.254181 0.468284 0.193778 0.171684 0.886464
2 0.182306 0.212201 0.144819 0.114978 0.867446
11 0.561513 0.49299 0.0378134 0.0417404 0.860404
11 0.277118 0.0610897 0.0399343 0.046331 0.840785
11 0.711538 0.704527 0.0380585 0.0438184 0.840303
11 0.379329 0.220227 0.0371219 0.0427442 0.821413
3 0.728968 0.754146 0.0704273 0.0681669 0.815828
11 0.679347 0.659823 0.0392117 0.0451974 0.808474
11 0.478921 0.371469 0.0434849 0.0534026 0.805761
11 0.908087 0.977232 0.0399738 0.0419567 0.79065
11 0.51076 0.418098 0.0370493 0.0436966 0.784547
2 0.0399534 0.282771 0.0799069 0.100469 0.782701
11 0.325427 0.138788 0.0437866 0.0519771 0.768484
2 0.619993 0.189543 0.175149 0.127071 0.761211
11 0.715737 0.96892 0.0431517 0.0358211 0.742892
11 0.418806 0.280847 0.0412495 0.0544182 0.740752
2 0.948818 0.785838 0.102364 0.251254 0.736621
2 0.53353 0.0743637 0.0891605 0.0781753 0.722353
2 0.2473 0.343903 0.141223 0.11896 0.716523
2 0.400069 0.593516 0.15729 0.137625 0.676574
2 0.641423 0.330878 0.172984 0.194895 0.67099
2 0.433514 0.149782 0.13018 0.0948706 0.600276
7 0.851673 0.871881 0.0515606 0.058062 0.567318
2 0.335168 0.0288152 0.156155 0.0574119 0.560372
2 0.430353 0.933387 0.344967 0.132326 0.536006
11 0.947366 0.631347 0.0249371 0.0415155 0.486573
11 0.982971 0.0944016 0.0339745 0.0381869 0.451416
2 0.0495663 0.0156885 0.0991327 0.0313156 0.4184
2 0.780567 0.415253 0.119622 0.145446 0.412763
2 0.400808 0.0931315 0.123726 0.0902466 0.369322
2 0.688032 0.448797 0.114783 0.103418 0.332087
3 0.743808 0.922835 0.0648229 0.0741274 0.328335
2 0.0311509 0.878882 0.0618639 0.215164 0.297504
2 0.222123 0.266196 0.116975 0.082501 0.287609
11 0.990041 0.609091 0.0199185 0.0486 0.286043
2 0.38156 0.512078 0.106678 0.098677 0.252612
