2 0.47804 0.875957 0.224287 0.2449 0.848529
2 0.220951 0.22742 0.12595 0.10022 0.839797
2 0.786543 0.92431 0.133386 0.129979 0.789117
2 0.316483 0.915211 0.165565 0.151702 0.777208
11 0.614716 0.674298 0.0446519 0.0349464 0.758425
11 0.263451 0.787583 0.0417401 0.0297086 0.757506
2 0.606625 0.49391 0.263779 0.16869 0.710616
2 0.658643 0.756899 0.219884 0.196403 0.684102
2 0.0448029 0.196393 0.0895533 0.15666 0.668215
3 0.775997 0.544971 0.0768578 0.101316 0.662924
2 0.919988 0.688069 0.160024 0.188098 0.644527
2 0.803593 0.675393 0.150093 0.144287 0.642708
3 0.0423845 0.827911 0.0731928 0.0915792 0.631292
3 0.961789 0.437342 0.0762302 0.0989787 0.626826
2 0.0442433 0.0581213 0.0884866 0.116192 0.618479
2 0.588205 0.101815 0.157031 0.175598 0.570014
2 0.405897 0.614764 0.0982632 0.10831 0.569235
2 0.447825 0.119601 0.137329 0.135861 0.554076
2 0.782625 0.312307 0.422177 0.249016 0.550319
2 0.198948 0.147292 0.104008 0.0793582 0.523968
2 0.234392 0.645999 0.288189 0.178213 0.523327
2 0.974073 0.560617 0.0514725 0.147254 0.518913
2 0.16452 0.411683 0.209751 0.257796 0.466879
2 0.781496 0.0501362 0.239842 0.100267 0.46594
2 0.166109 0.0671759 0.138767 0.12746 0.465708
2 0.0987233 0.940368 0.148851 0.119264 0.403615
2 0.147416 0.0295658 0.118071 0.0591316 0.400519
2 0.49918 0.0218769 0.169744 0.0437537 0.333166
2 0.816905 0.812469 0.085726 0.102738 0.330158
2 0.190041 0.671606 0.380082 0.231574 0.30949
3 0.900846 0.553238 0.0669861 0.0724173 0.30386
2 0.848889 0.320399 0.302222 0.246529 0.29031
2 0.200128 0.460256 0.135236 0.140861 0.274576
2 0.827636 0.0524723 0.339412 0.104945 0.26663
2 0.196705 0.926201 0.13092 0.147598 0.265017
2 0.912492 0.963692 0.170886 0.072616 0.264451
2 0.0607404 0.702005 0.121352 0.162251 0.26229
11 0.985108 0.692395 0.029784 0.038291 0.251327
2 0.865693 0.965417 0.260514 0.0691671 0.250334
