2 0.745204 0.864381 0.210108 0.262079 0.882454
11 0.53222 0.896342 0.0345919 0.0508339 0.838126
11 0.524584 0.958672 0.0380546 0.0508753 0.836619
2 0.916738 0.667499 0.166523 0.18455 0.824169
11 0.0620591 0.105789 0.0352945 0.0466653 0.819361
11 0.227941 0.374498 0.032591 0.0409122 0.818871
11 0.0362717 0.0632838 0.0319876 0.040112 0.811804
11 0.283505 0.572659 0.0347036 0.0452337 0.809634
11 0.395058 0.645993 0.036184 0.0435667 0.807998
11 0.337559 0.659108 0.0342684 0.0412634 0.784864
11 0.145604 0.243205 0.0348889 0.0518916 0.784587
11 0.0904617 0.151297 0.0370061 0.0489654 0.776025
11 0.146346 0.354015 0.0328469 0.0381579 0.772907
11 0.039833 0.178689 0.0361857 0.0508251 0.771798
11 0.342827 0.566068 0.0343626 0.0435836 0.771251
11 0.255619 0.530875 0.0333093 0.0388526 0.751976
11 0.548734 0.655791 0.0433439 0.0367786 0.751365
11 0.121217 0.311802 0.0370584 0.0462283 0.750816
2 0.536104 0.312355 0.484804 0.622526 0.729078
11 0.0710402 0.230285 0.0337288 0.0456946 0.722334
11 0.368765 0.605022 0.0309725 0.0393835 0.72128
11 0.173547 0.396174 0.03757 0.0502053 0.690659
11 0.199844 0.329323 0.032704 0.0421403 0.683541
11 0.0975946 0.269199 0.034678 0.0432388 0.678885
11 0.0924145 0.208641 0.0343018 0.0445226 0.675716
11 0.0128956 0.0230785 0.0256229 0.0448753 0.660982
7 0.675933 0.0301298 0.0508652 0.0597774 0.60967
7 0.288864 0.474725 0.0460277 0.0567713 0.608247
11 0.225737 0.4801 0.0334391 0.0423163 0.601151
2 0.936177 0.269412 0.127647 0.344685 0.598124
11 0.250151 0.413822 0.0357106 0.0448533 0.596301
11 0.317306 0.52164 0.036798 0.0473492 0.580011
3 0.467217 0.81204 0.114851 0.11216 0.574164
11 0.799682 0.0692406 0.0446881 0.037957 0.565048
11 0.202392 0.440157 0.0366218 0.0447363 0.554359
11 0.483658 0.889139 0.0319082 0.0361386 0.544157
11 0.417272 0.68148 0.0320792 0.0371865 0.518316
11 0.655856 0.838834 0.0365394 0.0481857 0.495862
11 0.989635 0.446869 0.0207272 0.0375262 0.441407
11 0.402796 0.988709 0.0367348 0.0225825 0.431316
11 0.253463 0.525774 0.0371581 0.0505297 0.423507
11 0.309085 0.613664 0.0334691 0.0446649 0.4179
11 0.731872 0.00908418 0.0359671 0.0180824 0.355589
7 0.732059 0.00900947 0.0353449 0.0179565 0.329024
11 0.873594 0.558573 0.0394322 0.0218628 0.25891
2 0.956895 0.307855 0.0862101 0.261723 0.258643
