3 0.67686 0.337604 0.0548724 0.0983645 0.915752
11 0.443496 0.254094 0.0502322 0.0314747 0.866834
11 0.496394 0.26267 0.0458935 0.031347 0.81648
11 0.237137 0.237774 0.0516606 0.0329107 0.799351
11 0.625506 0.277525 0.0479042 0.0306057 0.772868
11 0.572505 0.271507 0.0535046 0.0339405 0.754092
3 0.785814 0.232286 0.0790723 0.0536706 0.683293
2 0.841808 0.769098 0.315153 0.461805 0.669737
2 0.172592 0.95318 0.169537 0.0936392 0.64837
3 0.86353 0.127809 0.0732849 0.147175 0.647373
3 0.705766 0.42855 0.0819446 0.0519337 0.587783
2 0.317355 0.568427 0.63171 0.333151 0.551539
3 0.501899 0.981124 0.0934219 0.0376963 0.546869
2 0.190072 0.0972275 0.380143 0.194455 0.537968
2 0.317954 0.701717 0.635908 0.596567 0.524507
2 0.413277 0.856201 0.247884 0.286275 0.520569
2 0.952451 0.477532 0.0950977 0.185311 0.501016
11 0.386645 0.244909 0.0517382 0.0306288 0.463294
7 0.15372 0.207104 0.0497505 0.0491558 0.425557
11 0.153628 0.206563 0.0491343 0.0496145 0.41908
3 0.867294 0.113058 0.0583273 0.120937 0.377362
2 0.708423 0.167344 0.18408 0.207942 0.353623
2 0.0881407 0.0891019 0.176281 0.177205 0.342125
2 0.875784 0.336276 0.248432 0.183291 0.341152
2 0.932691 0.0751364 0.134618 0.150273 0.325083
2 0.407043 0.136533 0.796813 0.267621 0.313247
2 0.798976 0.863388 0.235959 0.273224 0.285282
2 0.719697 0.0346362 0.232697 0.0692723 0.279058
