2 0.666026 0.750525 0.236712 0.229774 0.974688
2 0.468824 0.245057 0.113762 0.107297 0.910712
2 0.311682 0.294039 0.193526 0.161136 0.908768
3 0.615228 0.264449 0.0650648 0.0649369 0.881103
2 0.684268 0.151198 0.197562 0.145617 0.873375
2 0.107238 0.372065 0.211798 0.160852 0.849845
2 0.0995525 0.743712 0.103819 0.104112 0.848377
3 0.664728 0.357039 0.0687346 0.0524862 0.799035
11 0.775086 0.509466 0.0422155 0.0453974 0.791248
11 0.701982 0.427555 0.0410313 0.0429791 0.732451
2 0.203713 0.950341 0.199648 0.0993187 0.730148
11 0.537268 0.0970746 0.039213 0.0509405 0.720293
2 0.235493 0.676796 0.207043 0.169805 0.708939
11 0.88005 0.62122 0.0395748 0.0453333 0.701255
11 0.737204 0.466485 0.0381918 0.0395786 0.68744
2 0.388233 0.877934 0.260491 0.187122 0.661959
2 0.759899 0.355896 0.102895 0.110189 0.656593
11 0.252525 0.457575 0.0385184 0.0288268 0.647272
2 0.332269 0.0155116 0.119693 0.0309324 0.644515
2 0.433828 0.572155 0.111959 0.122961 0.638461
2 0.357947 0.612061 0.101527 0.124042 0.618345
11 0.839876 0.712522 0.038319 0.0497803 0.613607
2 0.829393 0.107653 0.0783779 0.0965601 0.603244
11 0.48253 0.0127206 0.0380275 0.0254411 0.564225
2 0.974351 0.571438 0.0512989 0.0917268 0.56258
2 0.840928 0.301342 0.0729252 0.0715692 0.557389
2 0.19652 0.050897 0.113644 0.100069 0.533468
2 0.572365 0.961091 0.121107 0.077015 0.523268
11 0.51161 0.0527308 0.0367882 0.0461288 0.52033
11 0.939485 0.797443 0.0364949 0.052878 0.506385
2 0.542494 0.520916 0.103572 0.112842 0.50612
7 0.939623 0.79745 0.0364937 0.0516885 0.504598
11 0.860411 0.70098 0.0339738 0.0422107 0.477232
11 0.917216 0.660655 0.0439064 0.0473481 0.47531
2 0.943052 0.464379 0.113897 0.178547 0.467766
2 0.880893 0.382771 0.194926 0.143949 0.458768
2 0.0446051 0.792333 0.0889935 0.119337 0.42887
2 0.748908 0.983607 0.12964 0.0327871 0.408003
3 0.609625 0.330376 0.0399046 0.0573619 0.402855
2 0.233284 0.133487 0.116327 0.115397 0.357211
11 0.162054 0.502326 0.0411316 0.0304754 0.343565
2 0.484953 0.981498 0.096691 0.0369341 0.336351
11 0.49836 0.557885 0.0252771 0.0387965 0.326935
2 0.958723 0.930921 0.0823903 0.118296 0.324597
2 0.897694 0.0489568 0.0825627 0.0796234 0.321696
2 0.216146 0.0956981 0.151912 0.18868 0.318142
2 0.586984 0.504135 0.192033 0.151486 0.301205
2 0.0187683 0.787467 0.0375365 0.117571 0.289639
4 0.711019 0.0428952 0.406848 0.0857904 0.264836
2 0.624711 0.494021 0.118002 0.13134 0.264417
