11 0.330525 0.830389 0.0330764 0.0516655 0.836187
11 0.799814 0.316715 0.0396469 0.0599678 0.834898
11 0.651251 0.521608 0.0324848 0.0457648 0.830211
11 0.572582 0.421876 0.0343956 0.0469315 0.827689
11 0.70659 0.583981 0.0356072 0.0478533 0.826727
11 0.29771 0.912395 0.0364733 0.0498272 0.825675
11 0.515493 0.557438 0.0387661 0.0518052 0.823453
11 0.379307 0.698197 0.0352396 0.0494494 0.822425
11 0.869487 0.127453 0.032209 0.0456179 0.815321
11 0.494384 0.400688 0.0371181 0.0505934 0.815043
11 0.469112 0.19361 0.0354701 0.0560193 0.795287
11 0.509537 0.0815021 0.0384756 0.0491731 0.789079
11 0.984641 0.129875 0.0305023 0.0456106 0.788839
11 0.407435 0.842365 0.0366721 0.048272 0.78707
11 0.426446 0.193725 0.0349098 0.0485974 0.778286
11 0.234372 0.253951 0.0339321 0.0526053 0.772553
11 0.342587 0.415744 0.0351647 0.0532814 0.7638
6 0.572513 0.311635 0.090279 0.165159 0.724885
11 0.356242 0.982961 0.0365808 0.0340784 0.68025
11 0.530068 0.943879 0.0362542 0.057114 0.612364
11 0.396987 0.754685 0.0332705 0.0440298 0.585743
11 0.426221 0.5679 0.0450817 0.0608124 0.564652
3 0.979054 0.954702 0.0418928 0.0829451 0.488375
11 0.0319835 0.0534976 0.0317081 0.0622236 0.451517
7 0.0318345 0.0532268 0.0324048 0.0598945 0.358845
11 0.00797957 0.0466528 0.015925 0.0395049 0.33614
11 0.568498 0.231084 0.0336439 0.0450182 0.287635
