2 0.863425 0.669696 0.0911677 0.0896964 0.914627
2 0.67571 0.84133 0.100062 0.118343 0.901065
2 0.17187 0.728378 0.0984215 0.0977114 0.886138
2 0.121513 0.882499 0.172176 0.0959003 0.885244
2 0.448659 0.452824 0.132141 0.0994549 0.88377
2 0.696752 0.300732 0.167499 0.11087 0.876685
2 0.705044 0.453999 0.112739 0.0884955 0.862255
2 0.411871 0.742008 0.0990929 0.0891757 0.860691
2 0.337866 0.114404 0.351594 0.226868 0.851985
2 0.897602 0.382703 0.130848 0.0840049 0.851247
2 0.303487 0.42394 0.134542 0.077529 0.849618
2 0.0342007 0.37316 0.0682148 0.0968081 0.845473
2 0.334557 0.837033 0.20671 0.0741732 0.824839
11 0.0986968 0.572451 0.0508477 0.0301549 0.823044
2 0.078702 0.116933 0.157404 0.195968 0.822898
2 0.263948 0.670152 0.07855 0.0975642 0.814039
2 0.0133109 0.670921 0.0266218 0.120486 0.813877
2 0.77686 0.67207 0.0778456 0.0972991 0.807116
11 0.652479 0.607186 0.0440025 0.0288985 0.802229
2 0.836782 0.130932 0.0753373 0.141641 0.796377
11 0.570561 0.599863 0.0450712 0.0285609 0.794096
11 0.0520293 0.569477 0.0462209 0.0311774 0.793794
2 0.484669 0.825571 0.0891462 0.0949095 0.789397
2 0.650015 0.720366 0.141844 0.106232 0.773817
2 0.658617 0.101908 0.120073 0.0731239 0.759686
2 0.526553 0.746136 0.0915012 0.0876801 0.732005
2 0.700924 0.175991 0.148613 0.0960388 0.717848
11 0.609765 0.601757 0.0382664 0.0293636 0.70437
2 0.506898 0.294494 0.158791 0.133556 0.700544
2 0.631783 0.499198 0.0673269 0.0932205 0.690117
12 0.937503 0.143008 0.0405385 0.0481653 0.674403
2 0.849541 0.778839 0.0883765 0.139826 0.672019
11 0.402989 0.591222 0.0396036 0.0250024 0.628402
11 0.23309 0.581149 0.0428086 0.0251998 0.560102
2 0.789095 0.539315 0.0893969 0.074081 0.55095
2 0.564522 0.43613 0.102321 0.0639401 0.546583
11 0.94807 0.873077 0.0199232 0.0419583 0.508709
2 0.335916 0.862624 0.209782 0.12316 0.425451
2 0.986982 0.132638 0.0260363 0.106388 0.337163
2 0.434893 0.921668 0.0446134 0.0695679 0.262829
11 0.440978 0.988945 0.0367695 0.0215204 0.257279
2 0.990444 0.126517 0.0191116 0.0934996 0.253208
