11 0.208843 0.878322 0.0522745 0.0456978 0.863154
11 0.160678 0.90389 0.0458875 0.0400879 0.85704
11 0.72827 0.575557 0.0527563 0.0360136 0.843105
11 0.676876 0.561993 0.0443043 0.0331055 0.830636
7 0.548146 0.714662 0.0584495 0.0423939 0.828012
11 0.396402 0.698632 0.032319 0.0406614 0.821749
11 0.570099 0.7653 0.0405087 0.030347 0.813258
11 0.259289 0.589422 0.0336403 0.047385 0.812834
11 0.305646 0.681711 0.0361542 0.0499526 0.808375
11 0.63317 0.544766 0.0440186 0.0332867 0.802003
11 0.982192 0.862749 0.0349428 0.0430142 0.79463
11 0.353287 0.617493 0.0304191 0.0397473 0.793056
11 0.614261 0.742247 0.0402993 0.03146 0.790221
11 0.260203 0.851624 0.0510351 0.0444153 0.786431
11 0.604859 0.985198 0.0389929 0.029605 0.773147
2 0.946976 0.925162 0.106047 0.127292 0.767292
2 0.725142 0.48755 0.368017 0.178812 0.752915
11 0.87728 0.756127 0.0373215 0.0380251 0.74834
2 0.602855 0.865824 0.18758 0.18223 0.708805
2 0.751941 0.781053 0.162504 0.148199 0.706192
11 0.980461 0.549873 0.0384796 0.0379108 0.688553
11 0.282368 0.635186 0.0323541 0.0448145 0.687216
11 0.433597 0.752795 0.051432 0.0293027 0.673503
2 0.0921696 0.641563 0.183387 0.207465 0.670312
7 0.0490975 0.985065 0.0520686 0.0298691 0.619385
2 0.942006 0.653446 0.115988 0.202235 0.616711
11 0.329444 0.570458 0.0312397 0.0372485 0.613016
2 0.335171 0.0980685 0.262682 0.196061 0.546326
11 0.331392 0.728538 0.0343092 0.0433842 0.536141
2 0.444159 0.330253 0.278884 0.291452 0.534608
11 0.3012 0.624625 0.0359643 0.0550591 0.520055
2 0.594802 0.463555 0.112349 0.118676 0.458313
2 0.0617908 0.0345897 0.123448 0.0691304 0.403813
2 0.692482 0.953278 0.150361 0.0934441 0.351245
2 0.625326 0.035248 0.196607 0.0702208 0.331409
2 0.310226 0.962005 0.200728 0.0759899 0.317984
11 0.377498 0.662747 0.0267068 0.0342202 0.304061
2 0.830062 0.864282 0.139634 0.182228 0.284755
