3 0.0746351 0.208674 0.0928329 0.0638233 0.877271
3 0.24647 0.189377 0.0893645 0.0680536 0.859042
3 0.424496 0.809152 0.0581395 0.120905 0.848601
11 0.52048 0.854865 0.0391129 0.0430027 0.836699
11 0.134246 0.737746 0.0431151 0.0389693 0.830128
7 0.283508 0.495512 0.0369814 0.0680566 0.820565
11 0.0849487 0.140948 0.0232918 0.048506 0.815543
11 0.559967 0.901066 0.0400913 0.0483497 0.789723
2 0.582941 0.766993 0.217021 0.195506 0.758095
11 0.258971 0.0226335 0.0270092 0.0452669 0.757539
11 0.0592764 0.102852 0.0201982 0.0350961 0.687159
3 0.33803 0.981616 0.0851525 0.0367689 0.676823
11 0.64003 0.987158 0.0399769 0.0252623 0.637938
2 0.633708 0.121624 0.180267 0.195446 0.578229
7 0.0514857 0.0211773 0.0291836 0.0423086 0.542553
2 0.520112 0.281023 0.19879 0.215902 0.505321
3 0.16208 0.989377 0.0833031 0.021246 0.50229
11 0.600074 0.947597 0.0384066 0.0450424 0.478104
2 0.0136546 0.0679011 0.0273091 0.118751 0.373375
2 0.800721 0.699134 0.165789 0.159278 0.31602
3 0.3585 0.980701 0.13237 0.0385983 0.31545
2 0.749166 0.0473612 0.209539 0.0946919 0.290613
2 0.42112 0.0125841 0.174925 0.0250683 0.263941
