2 0.220032 0.572488 0.155951 0.156612 0.925042
2 0.0996824 0.949894 0.146978 0.100212 0.850838
2 0.153294 0.845587 0.141741 0.129163 0.844191
2 0.139555 0.712201 0.126451 0.144544 0.835926
2 0.361443 0.401135 0.234455 0.109964 0.807706
2 0.813093 0.153638 0.280678 0.304324 0.731495
11 0.0581896 0.497316 0.0337763 0.045739 0.705674
2 0.748544 0.750175 0.146606 0.233062 0.649422
2 0.794318 0.971609 0.162391 0.05672 0.585454
2 0.761646 0.536563 0.216792 0.176489 0.482311
2 0.80533 0.547598 0.124882 0.154502 0.462639
2 0.74963 0.711689 0.146528 0.156844 0.443885
2 0.797493 0.942616 0.16353 0.114769 0.429996
2 0.378795 0.0352076 0.14394 0.0700425 0.369715
2 0.363697 0.107614 0.102037 0.0984023 0.288594
