7 0.831619 0.409804 0.0624196 0.0575509 0.883834
2 0.163634 0.884146 0.219509 0.231707 0.867606
11 0.715264 0.372943 0.041605 0.0362202 0.840365
11 0.678014 0.343272 0.0387239 0.0366885 0.827294
2 0.286309 0.183757 0.288623 0.252192 0.747301
7 0.578762 0.203569 0.0548008 0.0555667 0.731881
11 0.354873 0.0793184 0.0462298 0.0417011 0.72879
2 0.822496 0.587105 0.168629 0.188392 0.7174
2 0.93627 0.685746 0.127461 0.191696 0.687327
2 0.545134 0.76704 0.239975 0.261889 0.645663
2 0.881063 0.848678 0.193924 0.199855 0.634978
2 0.235798 0.472045 0.186445 0.192404 0.625063
2 0.157257 0.305955 0.187836 0.149238 0.619539
2 0.642077 0.530392 0.268519 0.333925 0.56266
2 0.865359 0.304649 0.214901 0.213262 0.559703
2 0.131993 0.069515 0.136788 0.137929 0.523997
2 0.735129 0.124077 0.321951 0.248056 0.513997
2 0.454041 0.340018 0.186197 0.233223 0.494223
2 0.967397 0.388937 0.0652067 0.277109 0.423352
2 0.0509405 0.759213 0.101881 0.206848 0.391373
2 0.0797487 0.526702 0.158035 0.198787 0.383491
11 0.454209 0.618561 0.0327683 0.0436098 0.375322
2 0.274277 0.669234 0.221946 0.19863 0.364612
2 0.219127 0.654722 0.32917 0.23008 0.356461
2 0.468063 0.895328 0.212268 0.207296 0.341655
2 0.808172 0.945732 0.197507 0.108537 0.328338
2 0.931081 0.104724 0.137838 0.209448 0.314583
11 0.317609 0.0099177 0.0273416 0.0198354 0.307517
2 0.43486 0.864919 0.149384 0.151309 0.280016
2 0.373892 0.517182 0.183901 0.198539 0.274998
