2 0.912184 0.119896 0.17519 0.23559 0.934631
2 0.921819 0.651904 0.109521 0.114609 0.907923
2 0.0591125 0.86445 0.117805 0.133994 0.896932
2 0.622734 0.240714 0.217157 0.166114 0.887927
2 0.123148 0.668112 0.094365 0.0930397 0.882239
2 0.747091 0.678414 0.160696 0.0825455 0.859461
2 0.962798 0.531357 0.0744034 0.13496 0.846155
2 0.176759 0.143048 0.127728 0.119353 0.845124
2 0.856403 0.404434 0.110968 0.130302 0.843763
2 0.962595 0.304026 0.0748104 0.109511 0.808898
2 0.129858 0.966124 0.127365 0.0677529 0.796284
3 0.355259 0.116716 0.067923 0.0464287 0.791685
2 0.0767159 0.485052 0.153432 0.136056 0.786463
11 0.370577 0.0198808 0.021939 0.0378905 0.771597
2 0.350366 0.397377 0.153073 0.142649 0.770179
11 0.214703 0.203719 0.0501212 0.0352779 0.769332
2 0.268221 0.080724 0.132953 0.161448 0.751414
11 0.565942 0.347397 0.0404186 0.0456751 0.742741
2 0.931548 0.900522 0.136691 0.15365 0.687615
2 0.572681 0.466135 0.115664 0.101299 0.673872
2 0.659662 0.360273 0.107272 0.0638723 0.664118
2 0.703196 0.936639 0.222819 0.126456 0.658226
2 0.248486 0.430416 0.127685 0.130437 0.621654
11 0.116392 0.254001 0.0496455 0.0273152 0.557965
11 0.732436 0.051747 0.0432167 0.0287392 0.547858
2 0.426097 0.30516 0.149158 0.135786 0.536416
2 0.0172043 0.191566 0.0342847 0.140505 0.531061
2 0.0330608 0.0369746 0.0660799 0.0739101 0.507258
2 0.62739 0.793572 0.462591 0.40999 0.45847
2 0.932698 0.768589 0.134605 0.115135 0.429036
2 0.104751 0.0271559 0.0827739 0.0543118 0.421581
11 0.529044 0.303421 0.0390085 0.041954 0.333775
2 0.171544 0.463416 0.102111 0.102667 0.300177
11 0.644723 0.026603 0.0423388 0.0327576 0.296134
2 0.581999 0.765951 0.366529 0.354065 0.272847
11 0.497538 0.266038 0.0329268 0.0387014 0.27087
11 0.371712 0.0630559 0.0215096 0.0380383 0.253525
