11 0.658723 0.519986 0.0449868 0.0345228 0.871304
11 0.974683 0.762226 0.0483524 0.0353134 0.860084
11 0.650261 0.774858 0.0270227 0.0470726 0.858032
11 0.728948 0.456129 0.0328539 0.0394031 0.842702
11 0.552946 0.918628 0.0260264 0.0477886 0.833521
11 0.263293 0.903044 0.02375 0.0536923 0.818962
11 0.375714 0.984823 0.0252398 0.0302726 0.810365
11 0.709663 0.0501833 0.0461633 0.0316459 0.80832
11 0.269725 0.840672 0.0230246 0.0453743 0.805036
11 0.651271 0.891627 0.0265712 0.0481453 0.804505
7 0.440476 0.900259 0.0291071 0.0574432 0.795517
11 0.85384 0.51432 0.0403023 0.0296227 0.792563
11 0.682024 0.730429 0.0272516 0.0486357 0.786032
11 0.639721 0.603335 0.0245377 0.0459612 0.778839
11 0.888194 0.840307 0.0344606 0.0501686 0.772585
11 0.290772 0.682773 0.0259134 0.0538135 0.7705
11 0.276737 0.78993 0.0245144 0.0549401 0.766786
11 0.311801 0.963695 0.0237583 0.0473646 0.766539
11 0.201098 0.796672 0.0237885 0.047515 0.760257
11 0.751495 0.639345 0.0274644 0.0478405 0.758187
11 0.731248 0.73496 0.0264825 0.0446915 0.758134
11 0.952016 0.534022 0.0374329 0.0282872 0.755096
11 0.502333 0.579923 0.0272098 0.0475621 0.755017
11 0.722502 0.0149643 0.0527224 0.0299223 0.753577
11 0.571364 0.705753 0.0276929 0.0477216 0.751966
11 0.654413 0.322159 0.0475498 0.0346579 0.751057
11 0.538746 0.75593 0.0268046 0.0484964 0.74771
11 0.449335 0.738111 0.024211 0.0448879 0.744972
2 0.199741 0.225004 0.273694 0.186369 0.744838
11 0.607579 0.877754 0.0287339 0.0535652 0.74131
11 0.450283 0.842944 0.0275797 0.0505519 0.736707
7 0.384618 0.284269 0.0292062 0.0633946 0.7315
11 0.329712 0.809549 0.0259296 0.0536657 0.731429
3 0.308465 0.381324 0.131775 0.0566646 0.725769
11 0.40283 0.843251 0.0241855 0.0479706 0.72477
11 0.696918 0.782676 0.0254869 0.0507925 0.72082
11 0.284392 0.736874 0.0238767 0.0498176 0.717287
11 0.323083 0.862091 0.0255198 0.0501383 0.714803
2 0.0854107 0.68393 0.170821 0.483945 0.712112
11 0.616705 0.71456 0.0277985 0.0496366 0.712078
11 0.564019 0.869035 0.0278389 0.0501644 0.710961
11 0.254891 0.961888 0.0255765 0.0544052 0.70805
11 0.932619 0.863747 0.0331749 0.0496735 0.707203
11 0.614484 0.603461 0.02713 0.0487394 0.6985
11 0.519962 0.865286 0.0276563 0.0486776 0.696124
11 0.721896 0.621174 0.0275946 0.0437557 0.693127
11 0.604717 0.770298 0.0249507 0.0451815 0.690157
11 0.583995 0.763662 0.0275275 0.0469655 0.684329
11 0.403934 0.726969 0.0274389 0.049673 0.679509
11 0.491079 0.739245 0.0285271 0.0483257 0.647425
11 0.421294 0.99132 0.0274004 0.0170427 0.625282
11 0.915471 0.658312 0.0268541 0.0505142 0.6204
11 0.427604 0.733329 0.0255158 0.0492542 0.617561
11 0.515309 0.747686 0.0270676 0.0459311 0.616146
11 0.343307 0.705027 0.0251018 0.0531359 0.614855
11 0.98962 0.892287 0.0205818 0.0482151 0.603675
11 0.960524 0.662615 0.0281437 0.0455256 0.591511
11 0.52436 0.699645 0.0280755 0.050865 0.582675
11 0.891191 0.648296 0.0251812 0.0441559 0.574982
11 0.209186 0.749308 0.0228051 0.0464586 0.572859
11 0.574146 0.58842 0.0286809 0.0479425 0.570531
3 0.273693 0.493257 0.0666878 0.045569 0.566132
11 0.494183 0.859752 0.0299301 0.0542284 0.561954
11 0.98108 0.675384 0.0260632 0.0457718 0.556376
11 0.787212 0.0264391 0.0243298 0.0460473 0.532225
11 0.194562 0.855005 0.0221085 0.0527241 0.52506
2 0.577293 0.208925 0.218489 0.41785 0.512285
3 0.185008 0.421054 0.0532906 0.0933335 0.496133
11 0.991525 0.543497 0.0169075 0.0318405 0.485979
11 0.526342 0.58255 0.0264391 0.0515911 0.484125
2 0.887666 0.97247 0.207511 0.0550606 0.47049
2 0.0440554 0.948547 0.0872003 0.102745 0.433547
11 0.910132 0.524424 0.0317791 0.0293635 0.383481
11 0.459712 0.687867 0.0281598 0.0525953 0.383131
11 0.589043 0.76747 0.0246124 0.0450939 0.362439
3 0.339036 0.445499 0.0964947 0.0787678 0.358346
11 0.597027 0.599362 0.026006 0.0477972 0.342274
11 0.595416 0.593109 0.0250525 0.0430842 0.337876
11 0.901249 0.524418 0.0487356 0.0294084 0.330328
2 0.891563 0.439072 0.216494 0.251323 0.323784
11 0.250461 0.994799 0.0237075 0.0102234 0.301921
11 0.306499 0.992776 0.025021 0.0142256 0.292463
11 0.550456 0.583586 0.0279608 0.0480331 0.263917
