3 0.079237 0.165147 0.125231 0.0552832 0.751368
11 0.10179 0.507753 0.0225052 0.0471325 0.750113
11 0.0535815 0.211313 0.0231073 0.0447789 0.73907
11 0.0944172 0.565825 0.0194005 0.0446535 0.690707
11 0.70628 0.302127 0.0412199 0.0237405 0.607124
3 0.0805215 0.365071 0.0725464 0.0372402 0.561401
11 0.53623 0.323021 0.0553244 0.0285953 0.490412
3 0.0332925 0.896653 0.066585 0.0423931 0.476918
7 0.306062 0.255046 0.0702137 0.030845 0.459795
7 0.302821 0.285183 0.0755167 0.0358811 0.458111
11 0.00475016 0.201734 0.00950031 0.0316444 0.382923
2 0.628507 0.702909 0.742986 0.589592 0.376795
3 0.19098 0.304512 0.0567613 0.122997 0.345657
11 0.991915 0.978009 0.0161699 0.031695 0.331439
11 0.678249 0.277131 0.0534214 0.0259778 0.329013
11 0.138375 0.273094 0.0362486 0.0318465 0.30678
