2 0.855257 0.559159 0.130282 0.161354 0.882187
2 0.547701 0.307644 0.116478 0.133314 0.872998
2 0.665576 0.349555 0.125354 0.140057 0.852417
2 0.378893 0.70157 0.338734 0.3969 0.851816
2 0.94417 0.276949 0.098848 0.101662 0.816771
2 0.62302 0.964048 0.122127 0.0704578 0.815345
2 0.80775 0.359349 0.135547 0.125948 0.805447
3 0.204395 0.267056 0.0847473 0.0454549 0.801409
2 0.816887 0.877274 0.103751 0.136692 0.793647
11 0.763483 0.713452 0.0486826 0.0420681 0.789638
11 0.377793 0.427583 0.0470215 0.0444168 0.787094
11 0.839034 0.769615 0.0425159 0.039859 0.773849
11 0.453662 0.481888 0.0446554 0.0418468 0.772611
11 0.645678 0.623731 0.0385334 0.037072 0.772499
2 0.0550321 0.165361 0.109938 0.161644 0.766931
11 0.683607 0.652718 0.0432078 0.0401751 0.766194
11 0.0400879 0.315233 0.0459689 0.0284482 0.757556
13 0.896973 0.074644 0.141762 0.148649 0.744653
11 0.270066 0.0920487 0.0303329 0.0483822 0.71295
2 0.141643 0.963452 0.13787 0.0730953 0.710204
2 0.774877 0.0210069 0.135268 0.0419654 0.698635
2 0.399092 0.0593907 0.138302 0.117524 0.682793
11 0.497618 0.515536 0.0474897 0.0421164 0.677552
2 0.720723 0.884979 0.0849113 0.118285 0.673643
2 0.453291 0.145465 0.14616 0.0990677 0.672298
2 0.527074 0.0207401 0.1215 0.0413948 0.625766
2 0.188112 0.476328 0.100673 0.207523 0.621982
11 0.254105 0.138735 0.0262046 0.0400964 0.603187
2 0.334338 0.184413 0.120434 0.134584 0.602886
2 0.545802 0.843691 0.112697 0.155852 0.558286
2 0.106952 0.0321167 0.149147 0.0639507 0.544455
2 0.38942 0.28518 0.148287 0.0892415 0.543029
7 0.197417 0.34882 0.0524868 0.036406 0.530087
11 0.197575 0.348847 0.0526124 0.0363622 0.504148
2 0.904023 0.369217 0.0780426 0.106774 0.481067
11 0.283876 0.0468071 0.028453 0.0451337 0.447087
11 0.0104469 0.30726 0.0204069 0.028561 0.418638
11 0.975397 0.870256 0.0424185 0.0400738 0.373659
2 0.716283 0.224948 0.0784552 0.0569657 0.328165
11 0.990279 0.884819 0.01936 0.0337034 0.313491
2 0.18544 0.517659 0.0861297 0.118965 0.306484
11 0.978858 0.874716 0.0411917 0.0429615 0.264887
