11 0.952226 0.132956 0.04342 0.038697 0.859439
2 0.597382 0.892439 0.235471 0.16081 0.851344
11 0.769623 0.0460541 0.0483328 0.0404431 0.833567
11 0.088664 0.506417 0.0293938 0.0501026 0.829706
11 0.835083 0.0748129 0.0408638 0.034779 0.818881
11 0.0413802 0.130579 0.0323076 0.0612313 0.806868
11 0.133443 0.766798 0.0268503 0.0465737 0.800584
11 0.0191063 0.263171 0.0303725 0.0511963 0.798826
11 0.183743 0.112339 0.0406375 0.0460902 0.798093
11 0.0736921 0.0568837 0.0288719 0.0501565 0.797902
11 0.0509845 0.321561 0.0312502 0.053032 0.785012
11 0.881375 0.0626489 0.0502182 0.041011 0.779149
11 0.24617 0.123641 0.0489491 0.0559482 0.770843
11 0.514707 0.0447464 0.0514788 0.0414498 0.770727
2 0.878393 0.663369 0.243215 0.479305 0.752967
11 0.901427 0.109122 0.0506741 0.0427954 0.733487
3 0.234315 0.041661 0.0939811 0.0833219 0.732612
3 0.0845922 0.440361 0.0971411 0.0716698 0.719435
11 0.406868 0.0092892 0.0398645 0.0185784 0.697698
2 0.0813143 0.957363 0.162629 0.0852731 0.697326
2 0.749045 0.423396 0.332682 0.280899 0.688812
7 0.105113 0.268728 0.0377511 0.0618083 0.649562
2 0.248259 0.35099 0.2081 0.191803 0.632287
11 0.990594 0.158166 0.0188129 0.0342992 0.607828
2 0.0448254 0.626071 0.0893451 0.18727 0.606348
2 0.565002 0.292157 0.12426 0.136199 0.604669
11 0.0147874 0.0177194 0.0286581 0.0352762 0.556175
7 0.766319 0.0173831 0.0720997 0.0345203 0.528027
7 0.4895 0.0658795 0.0559525 0.0427373 0.499562
2 0.39356 0.231495 0.258836 0.200581 0.460925
7 0.150429 0.888829 0.0323839 0.0511361 0.457667
2 0.0637295 0.872128 0.12674 0.112757 0.435284
11 0.0969149 0.168189 0.0319532 0.0633159 0.406736
11 0.48971 0.0656144 0.0587148 0.0415665 0.395883
2 0.347265 0.868147 0.237565 0.0982525 0.344611
2 0.053835 0.768318 0.107509 0.121664 0.327092
2 0.352742 0.908516 0.250236 0.177348 0.313243
2 0.347649 0.716417 0.329884 0.234832 0.313009
2 0.672013 0.406886 0.193386 0.255902 0.311842
2 0.354738 0.544438 0.374864 0.190083 0.307738
2 0.294386 0.712892 0.225454 0.228236 0.291909
7 0.677826 0.00882701 0.0519155 0.01762 0.281514
2 0.337087 0.371986 0.385592 0.49139 0.251059
