11 0.0713982 0.622498 0.036385 0.0492497 0.850957
7 0.511277 0.239773 0.0393834 0.0658265 0.807343
11 0.0791639 0.739457 0.0394253 0.0505434 0.80608
11 0.128239 0.822528 0.0316016 0.0418682 0.802801
2 0.875348 0.82462 0.248764 0.34933 0.791401
11 0.422036 0.165939 0.0373089 0.0551527 0.786739
11 0.452948 0.0941436 0.0331724 0.0483347 0.786425
11 0.563653 0.519488 0.0313165 0.0450509 0.772971
7 0.431365 0.0416453 0.0383091 0.0600944 0.769534
11 0.442395 0.221773 0.0342596 0.0528258 0.764823
11 0.634357 0.698807 0.0383806 0.0553916 0.735235
11 0.151659 0.758469 0.0343211 0.0469529 0.713616
11 0.533274 0.293734 0.0342663 0.0508708 0.700448
11 0.633703 0.54529 0.0343897 0.0552252 0.695812
11 0.579239 0.566724 0.0324131 0.0442584 0.685962
11 0.106694 0.786898 0.0324409 0.0410142 0.679438
11 0.989305 0.0252794 0.0207016 0.0419173 0.657064
11 0.494688 0.348981 0.0349247 0.0515522 0.634727
11 0.597949 0.611301 0.032707 0.0468043 0.625386
2 0.575975 0.912254 0.215522 0.175172 0.599038
11 0.471976 0.145069 0.0351454 0.0503849 0.594672
11 0.473638 0.299792 0.0315707 0.0473417 0.573841
2 0.746573 0.508409 0.197198 0.212254 0.571957
11 0.544346 0.473008 0.0322937 0.0457943 0.563498
11 0.690033 0.84163 0.0307686 0.0416313 0.558889
11 0.128298 0.721137 0.0291479 0.0347101 0.545428
11 0.676373 0.799657 0.0331618 0.0518735 0.531813
11 0.205265 0.849615 0.042854 0.057716 0.517211
7 0.210736 0.968893 0.0370959 0.04953 0.509854
11 0.210976 0.969202 0.0378385 0.0496206 0.504711
11 0.401672 0.0409618 0.0351937 0.0555063 0.463138
2 0.940683 0.571945 0.118634 0.138866 0.4489
11 0.655477 0.749085 0.0337465 0.049675 0.430372
11 0.552337 0.341033 0.0341118 0.0487038 0.418533
2 0.0605558 0.404734 0.120605 0.208586 0.415567
11 0.990988 0.0636275 0.0177156 0.034747 0.378495
2 0.0640274 0.0765864 0.128055 0.153109 0.349514
2 0.46429 0.573184 0.140562 0.128456 0.345683
11 0.516707 0.403832 0.0375176 0.0566186 0.315645
7 0.552293 0.341082 0.0341345 0.0496413 0.309161
2 0.525245 0.76204 0.211855 0.153464 0.297698
2 0.539882 0.0601322 0.15714 0.119647 0.291005
2 0.489624 0.671107 0.171687 0.126041 0.287849
11 0.0438921 0.571546 0.0312875 0.0402892 0.282418
2 0.555191 0.760027 0.155081 0.146756 0.275401
11 0.178241 0.903318 0.0409215 0.0472783 0.272247
2 0.0813565 0.875657 0.162713 0.246726 0.263289
2 0.254833 0.694128 0.278847 0.219994 0.259285
