11 0.11852 0.749666 0.0406522 0.0375076 0.820572
11 0.157078 0.75295 0.0367117 0.0458531 0.723054
11 0.0817869 0.61432 0.0403791 0.0413584 0.722063
11 0.263205 0.950346 0.0398381 0.0369755 0.627808
11 0.25586 0.629131 0.0394719 0.0368017 0.623944
11 0.878995 0.0242223 0.051516 0.0436481 0.622861
11 0.273559 0.97408 0.0409689 0.0365658 0.590568
7 0.229984 0.909853 0.0442718 0.0414585 0.588047
11 0.0482397 0.583563 0.0380083 0.0383864 0.578486
2 0.0948657 0.900325 0.189731 0.198999 0.576765
7 0.927881 0.0864521 0.0491703 0.0437996 0.543266
11 0.987679 0.017283 0.0246426 0.0341407 0.527894
11 0.0837619 0.710951 0.0407924 0.0415828 0.522203
2 0.402771 0.377708 0.611066 0.51531 0.504431
11 0.758509 0.0360368 0.0419827 0.0422669 0.486598
2 0.057505 0.747552 0.114875 0.15477 0.479871
11 0.991634 0.186281 0.0167318 0.0368437 0.458459
2 0.0578721 0.0855182 0.115744 0.170773 0.435224
2 0.502113 0.967293 0.114181 0.0654143 0.425479
11 0.90018 0.0458593 0.0426422 0.0393611 0.417616
11 0.990379 0.0236368 0.0192419 0.0433749 0.36927
2 0.845868 0.510694 0.308264 0.714006 0.353155
2 0.286246 0.482397 0.373171 0.305237 0.347127
11 0.308726 0.869493 0.0299346 0.0212662 0.294711
11 0.210783 0.888337 0.034088 0.02884 0.262912
2 0.502076 0.317234 0.199646 0.189432 0.250273
