11 0.891524 0.953846 0.0306198 0.0463242 0.81817
11 0.70689 0.578386 0.0247127 0.0409655 0.788456
11 0.876106 0.907652 0.0297153 0.0442379 0.752723
11 0.653803 0.41806 0.0290438 0.0423065 0.750617
11 0.759284 0.734301 0.0345134 0.0521948 0.744921
11 0.541852 0.0610923 0.0288914 0.0432028 0.742843
11 0.840132 0.952342 0.0281658 0.0463238 0.738997
11 0.742567 0.682167 0.0276386 0.0400181 0.730141
11 0.794229 0.837808 0.036034 0.0517166 0.706797
11 0.81872 0.897515 0.035059 0.0485718 0.696738
11 0.763646 0.597432 0.0312336 0.040363 0.682439
11 0.720045 0.620264 0.0343601 0.0444765 0.538774
11 0.554631 0.104677 0.0313443 0.0445844 0.52309
11 0.909641 0.990418 0.0280728 0.0191635 0.466007
11 0.776742 0.784407 0.0339268 0.0447567 0.421338
11 0.715369 0.444782 0.0348012 0.0481169 0.390666
