2 0.18788 0.696328 0.140782 0.146289 0.921929
2 0.666026 0.669134 0.128424 0.17559 0.921742
2 0.816278 0.293162 0.107234 0.116405 0.915694
2 0.680181 0.347179 0.137324 0.166719 0.915635
2 0.0497199 0.323228 0.0991442 0.110322 0.896903
2 0.247235 0.856107 0.18797 0.193241 0.894352
2 0.207083 0.0533783 0.125665 0.106532 0.891336
2 0.560281 0.31386 0.0878612 0.114174 0.886463
2 0.183528 0.320597 0.123139 0.101727 0.878682
2 0.736119 0.0464997 0.111633 0.0929993 0.872772
2 0.194878 0.547302 0.161738 0.136702 0.871543
2 0.0704448 0.041713 0.102892 0.0834261 0.842234
2 0.226956 0.440774 0.114391 0.074494 0.841885
3 0.404678 0.131857 0.0803028 0.0508556 0.813521
2 0.864019 0.716493 0.146576 0.109352 0.808088
2 0.844789 0.0368589 0.10247 0.0734066 0.78811
2 0.94747 0.0265329 0.105059 0.0527922 0.77205
2 0.477474 0.475308 0.112553 0.115332 0.768405
2 0.88975 0.820701 0.109776 0.0937215 0.762166
2 0.484183 0.041027 0.083075 0.0820539 0.689307
2 0.624567 0.0796258 0.0861333 0.0893297 0.643218
3 0.360033 0.2391 0.0723999 0.0480647 0.641975
11 0.306282 0.172871 0.0542859 0.0303008 0.628998
2 0.953665 0.570656 0.0926693 0.0988746 0.611715
2 0.962735 0.420551 0.0745308 0.192406 0.584963
11 0.390084 0.530034 0.0219153 0.0425394 0.583012
3 0.456857 0.180851 0.0412993 0.0541253 0.56578
2 0.527669 0.948864 0.28354 0.102273 0.52237
11 0.504988 0.761145 0.0295334 0.0258872 0.497713
11 0.485769 0.742793 0.0274807 0.0273845 0.436299
2 0.0237112 0.958881 0.0474224 0.0822374 0.390443
11 0.468532 0.716499 0.0344789 0.0346252 0.343823
2 0.760725 0.47445 0.0830551 0.0980465 0.334988
11 0.500691 0.759194 0.0361696 0.029127 0.31694
11 0.496168 0.751782 0.0439382 0.0395212 0.29655
