2 0.367823 0.513479 0.142322 0.12949 0.916941
2 0.621378 0.593204 0.129947 0.124881 0.911337
2 0.914887 0.782409 0.137099 0.148688 0.891701
2 0.298176 0.286539 0.123 0.124179 0.89102
2 0.5148 0.290218 0.180854 0.157877 0.878251
2 0.716317 0.168385 0.155732 0.147411 0.865319
2 0.846616 0.148868 0.120525 0.110397 0.841548
2 0.0525877 0.442805 0.105029 0.112242 0.823869
11 0.487778 0.442445 0.035527 0.036455 0.813678
2 0.0827211 0.76183 0.165442 0.212792 0.805222
2 0.247723 0.391519 0.131798 0.120295 0.801038
2 0.669767 0.41167 0.192443 0.158017 0.789446
2 0.486812 0.772844 0.141801 0.140035 0.763983
2 0.790676 0.513033 0.179941 0.150418 0.755543
2 0.41399 0.0905142 0.198645 0.180722 0.751236
11 0.326885 0.362267 0.0333274 0.0403591 0.750299
2 0.948835 0.673073 0.102253 0.135504 0.733516
2 0.160104 0.902203 0.228729 0.194626 0.720692
2 0.669269 0.767081 0.119483 0.117373 0.717385
2 0.565907 0.683386 0.148869 0.132236 0.711228
11 0.929926 0.110583 0.0478201 0.0415881 0.677944
2 0.8526 0.326278 0.09884 0.0922352 0.660409
2 0.252649 0.637399 0.125474 0.0950209 0.640863
11 0.264234 0.793171 0.0328009 0.0349519 0.634093
2 0.028916 0.0543503 0.0578319 0.0897593 0.627428
11 0.416847 0.441494 0.0397892 0.0445112 0.626889
2 0.592957 0.863196 0.126122 0.121718 0.605415
11 0.280961 0.811281 0.0313837 0.035211 0.558857
2 0.391692 0.675602 0.118695 0.124441 0.497139
2 0.612813 0.125485 0.0911231 0.0998075 0.486722
2 0.0844199 0.258294 0.0998427 0.103917 0.47128
2 0.72566 0.986524 0.111467 0.0269514 0.404882
7 0.317397 0.129372 0.0504909 0.0477587 0.398125
11 0.318041 0.129199 0.0502275 0.0468119 0.37791
11 0.995552 0.161167 0.00889514 0.0318144 0.35427
2 0.983318 0.565361 0.0333637 0.130244 0.341539
11 0.0827157 0.00639324 0.0346927 0.0127817 0.336775
11 0.153578 0.0573746 0.0320733 0.0246417 0.329349
2 0.984205 0.243432 0.0315901 0.0848185 0.322854
11 0.863191 0.00546236 0.043045 0.0109247 0.292857
2 0.920755 0.388303 0.0926716 0.092597 0.25241
2 0.534418 0.0536706 0.10395 0.105512 0.251686
