11 0.427005 0.136526 0.0359743 0.0506452 0.804797
11 0.903838 0.885762 0.0339565 0.0369797 0.804509
11 0.397301 0.0773127 0.0339751 0.0447741 0.798468
11 0.722173 0.73868 0.0369655 0.0450733 0.774828
11 0.436484 0.261449 0.0351731 0.0425663 0.751643
11 0.835877 0.804827 0.0421535 0.0482132 0.711384
11 0.73048 0.661557 0.0344967 0.042092 0.678576
7 0.94436 0.932403 0.0463844 0.0496666 0.621732
11 0.506175 0.283004 0.0380577 0.0502269 0.533701
7 0.98312 0.977373 0.0337595 0.0386268 0.51613
11 0.373747 0.0326367 0.0312775 0.0322612 0.502694
11 0.874806 0.852798 0.0255404 0.0283198 0.4677
11 0.982905 0.977987 0.0341901 0.0395347 0.42973
11 0.358998 0.00453666 0.0275372 0.00904418 0.37912
11 0.944481 0.93227 0.0459705 0.0494421 0.342121
11 0.315709 0.0312048 0.0441004 0.0547484 0.336293
