2 0.309286 0.0946651 0.199316 0.188311 0.95219
2 0.239296 0.594001 0.205186 0.329117 0.891116
2 0.681627 0.703541 0.209211 0.30657 0.844712
11 0.493112 0.296982 0.023273 0.0426777 0.787984
11 0.485895 0.344557 0.0231707 0.0427521 0.763122
2 0.727498 0.282965 0.236947 0.554466 0.762074
11 0.481219 0.391436 0.0267497 0.0466767 0.723934
7 0.394226 0.841348 0.0334544 0.0635502 0.654889
2 0.63255 0.913261 0.134094 0.15854 0.639501
11 0.498855 0.243921 0.0264141 0.0524621 0.621469
2 0.0665875 0.434085 0.132378 0.270883 0.599949
3 0.474966 0.134516 0.0814529 0.0453997 0.57011
2 0.560384 0.981747 0.112696 0.0365067 0.431091
