2 0.48196 0.0992159 0.120325 0.198021 0.867045
2 0.813426 0.763988 0.157364 0.145602 0.864346
2 0.747596 0.52722 0.125374 0.0930447 0.846065
2 0.588809 0.171401 0.14075 0.214562 0.844598
2 0.451019 0.502049 0.10499 0.11783 0.844445
2 0.845184 0.172757 0.152276 0.116602 0.816673
2 0.874118 0.0282899 0.162104 0.0564443 0.794736
11 0.686226 0.601842 0.050577 0.0311802 0.793494
2 0.549494 0.596356 0.101685 0.137252 0.776375
2 0.819777 0.301891 0.129 0.0898087 0.756473
2 0.194072 0.937224 0.124069 0.121487 0.755689
2 0.632399 0.733697 0.102414 0.125143 0.729631
2 0.923515 0.424061 0.104264 0.0909792 0.718681
2 0.172121 0.0396087 0.152735 0.0790503 0.693009
2 0.0886785 0.781511 0.139342 0.195887 0.665778
2 0.0874594 0.733656 0.138488 0.10205 0.577923
2 0.331951 0.360184 0.13525 0.27196 0.467099
2 0.0313148 0.956685 0.0626295 0.086631 0.426656
2 0.0315339 0.972184 0.0630678 0.055631 0.420731
2 0.736937 0.432511 0.095649 0.0833475 0.394182
2 0.320059 0.418613 0.105632 0.153661 0.301347
12 0.514502 0.313093 0.0699735 0.0512823 0.291505
