2 0.225459 0.854785 0.450918 0.288993 0.871228
11 0.950276 0.483543 0.035532 0.0527096 0.760271
2 0.228105 0.119526 0.451724 0.23844 0.746763
2 0.488873 0.446748 0.975294 0.367389 0.707279
11 0.907213 0.384702 0.0336693 0.0502587 0.675525
6 0.817177 0.144082 0.0899287 0.144409 0.611037
7 0.790894 0.826803 0.0283786 0.0696857 0.589958
2 0.904789 0.960029 0.180275 0.0799385 0.564367
7 0.856446 0.24012 0.0441937 0.06445 0.559443
7 0.705014 0.859443 0.0728294 0.0332745 0.526812
11 0.613133 0.810439 0.0250532 0.0556511 0.503703
7 0.876399 0.832972 0.0426235 0.0693132 0.496816
7 0.885698 0.885262 0.0491774 0.029298 0.495476
7 0.511137 0.274856 0.0613725 0.0282607 0.485193
7 0.917831 0.851832 0.0293808 0.055077 0.47968
6 0.979503 0.568151 0.0409941 0.0886292 0.423941
7 0.524121 0.816726 0.0277731 0.0525223 0.423119
11 0.496011 0.800177 0.0201962 0.0384903 0.419943
7 0.579757 0.810435 0.0328689 0.0665449 0.393269
7 0.768602 0.0373954 0.0456098 0.0686345 0.383937
11 0.970211 0.610656 0.0280829 0.0433348 0.378387
7 0.980298 0.564262 0.0391428 0.0796395 0.370758
7 0.640301 0.808219 0.029904 0.0618695 0.361505
2 0.6361 0.93808 0.411247 0.122565 0.347222
11 0.8281 0.245703 0.0300459 0.0498986 0.345337
11 0.963287 0.856453 0.0275779 0.0493906 0.319356
6 0.705103 0.859506 0.07198 0.0340367 0.303499
7 0.6131 0.810451 0.0250228 0.0567762 0.298301
2 0.715136 0.944063 0.569728 0.110163 0.28796
7 0.556035 0.854018 0.042173 0.0229075 0.284724
11 0.987185 0.8549 0.0256312 0.0321075 0.270148
11 0.838706 0.828152 0.0262657 0.0556412 0.255092
