2 0.616664 0.0860083 0.113813 0.120841 0.878178
11 0.575711 0.535324 0.0356163 0.0439476 0.840794
2 0.741627 0.109203 0.125476 0.13523 0.832423
11 0.0985496 0.0810135 0.0413517 0.0443412 0.826562
2 0.688723 0.935035 0.120943 0.106626 0.822576
11 0.697688 0.809305 0.0343855 0.0467436 0.816699
11 0.636573 0.696963 0.0350985 0.0419216 0.816179
7 0.741252 0.865005 0.0427531 0.0594351 0.806586
2 0.333974 0.202145 0.109002 0.0904983 0.806049
11 0.140568 0.120792 0.0414821 0.0443506 0.802816
11 0.905987 0.950132 0.0477406 0.0396475 0.79937
2 0.79284 0.671081 0.165985 0.128438 0.793531
7 0.370588 0.331841 0.0482231 0.0530947 0.772805
2 0.125569 0.285773 0.11624 0.117585 0.771068
11 0.797812 0.857762 0.0311362 0.0470175 0.770875
11 0.461368 0.0279636 0.0453313 0.03304 0.759057
2 0.542084 0.319668 0.13042 0.12416 0.746758
2 0.536581 0.700225 0.113695 0.108559 0.744372
2 0.427866 0.286376 0.107498 0.112211 0.743702
2 0.8685 0.855981 0.117545 0.0999782 0.734703
2 0.186213 0.359417 0.120443 0.11432 0.705597
2 0.217816 0.0761771 0.121347 0.106141 0.701213
2 0.0356191 0.238361 0.0710942 0.105359 0.680229
2 0.849859 0.762421 0.133849 0.121228 0.657771
2 0.278727 0.474081 0.11869 0.117057 0.644719
7 0.798794 0.974324 0.0455944 0.0512873 0.635284
2 0.0227554 0.141609 0.0455108 0.13404 0.615846
11 0.649631 0.622531 0.0338792 0.0388528 0.6139
11 0.595597 0.643398 0.0394501 0.0488077 0.596112
11 0.521266 0.00899652 0.0454154 0.0179288 0.589188
2 0.773904 0.50156 0.083981 0.0599646 0.583715
2 0.800592 0.0425464 0.127536 0.0848862 0.582057
2 0.515067 0.917608 0.210892 0.160461 0.569851
11 0.762942 0.907804 0.0296977 0.0406544 0.55809
11 0.407522 0.437479 0.0471113 0.0501573 0.556784
2 0.984439 0.60143 0.031123 0.132795 0.543173
2 0.650231 0.486395 0.128497 0.182913 0.524438
7 0.275669 0.235486 0.0458353 0.0478226 0.510467
2 0.0210257 0.737621 0.0420514 0.0991294 0.491156
11 0.408175 0.556881 0.0427732 0.0386699 0.474845
2 0.594725 0.391333 0.152563 0.111623 0.444453
2 0.569918 0.767716 0.165498 0.108076 0.444418
2 0.317739 0.692238 0.155383 0.116964 0.426029
2 0.649699 0.521694 0.127005 0.118584 0.424463
2 0.909502 0.253119 0.100162 0.0732354 0.415413
2 0.735624 0.986565 0.131672 0.0268707 0.395953
2 0.546236 0.126054 0.103186 0.115547 0.395721
2 0.160543 0.0224081 0.10772 0.0447074 0.380414
11 0.741169 0.864038 0.0413547 0.0595627 0.363381
11 0.102531 0.409718 0.0478118 0.0388509 0.359245
2 0.953803 0.208912 0.092264 0.0704354 0.349162
11 0.378994 0.0706656 0.048119 0.0379946 0.335811
2 0.988291 0.0441698 0.0234182 0.0831165 0.253468
