2 0.0677102 0.855773 0.111703 0.130422 0.85586
7 0.89563 0.184522 0.0663864 0.0513103 0.8408
11 0.82578 0.159586 0.04888 0.0356236 0.836536
11 0.955688 0.209591 0.0477922 0.0357309 0.826244
11 0.457079 0.0132802 0.0387076 0.0265132 0.777641
2 0.538366 0.221879 0.635635 0.313952 0.739953
11 0.742888 0.127705 0.0430645 0.0342592 0.735022
2 0.199352 0.0750716 0.204182 0.148677 0.644151
2 0.120305 0.978706 0.198969 0.0425545 0.608196
11 0.990815 0.230347 0.0182354 0.0358909 0.524495
11 0.782907 0.498558 0.0296636 0.0466635 0.504377
2 0.300575 0.244557 0.152981 0.169018 0.498863
11 0.411328 0.0512583 0.0516563 0.0372696 0.487891
2 0.551882 0.521237 0.225397 0.228647 0.475086
2 0.783534 0.0602517 0.173714 0.120503 0.436431
2 0.951131 0.468349 0.0977385 0.256502 0.428266
7 0.411925 0.0514893 0.0515909 0.0365307 0.395708
2 0.0930119 0.227383 0.177822 0.23656 0.34685
11 0.775129 0.534842 0.0216471 0.0354307 0.316476
11 0.780153 0.513694 0.0291987 0.0752411 0.301615
2 0.0685936 0.423748 0.136783 0.26255 0.297519
2 0.149384 0.073492 0.298255 0.146984 0.277491
2 0.612376 0.516258 0.342328 0.240885 0.273442
