2 0.894074 0.274985 0.211851 0.207243 0.958919
2 0.132533 0.945249 0.161977 0.109502 0.88217
2 0.498001 0.900213 0.152972 0.109576 0.87912
2 0.180617 0.625153 0.139542 0.11248 0.869545
2 0.222441 0.100477 0.141841 0.102375 0.838653
2 0.968156 0.113313 0.0636887 0.116509 0.815611
2 0.0650192 0.814671 0.0968867 0.107554 0.801179
2 0.651989 0.50949 0.093855 0.100973 0.795039
2 0.755994 0.0287129 0.0857152 0.0574258 0.779722
2 0.819797 0.948263 0.165478 0.103037 0.768318
11 0.0746952 0.0158461 0.0249979 0.0316532 0.749782
2 0.0555808 0.655429 0.0703154 0.0942075 0.730971
2 0.024419 0.0248046 0.048435 0.0496092 0.715645
2 0.136439 0.755664 0.135638 0.0988015 0.709796
2 0.555936 0.366487 0.132802 0.109033 0.679395
11 0.039913 0.193011 0.0291416 0.0452849 0.642227
2 0.228207 0.0245136 0.123615 0.0490272 0.626906
11 0.0622362 0.0539555 0.0267865 0.0441185 0.608044
2 0.200702 0.175697 0.137073 0.0971843 0.546923
2 0.0187459 0.101878 0.0374386 0.146759 0.540083
2 0.910121 0.0140136 0.146452 0.0279488 0.537471
2 0.447369 0.986333 0.14667 0.0272549 0.526665
2 0.208206 0.332765 0.18945 0.160236 0.509243
2 0.199415 0.249216 0.138038 0.0764296 0.397393
3 0.0210731 0.392772 0.0421461 0.046232 0.395904
2 0.954668 0.979967 0.0897579 0.0400662 0.374593
2 0.106909 0.510744 0.108451 0.0941374 0.352775
3 0.00810078 0.346059 0.0162016 0.0854267 0.341401
2 0.13306 0.448136 0.0981359 0.0823822 0.333371
3 0.0188178 0.382392 0.0375358 0.0652785 0.300708
3 0.012157 0.355897 0.0243141 0.118027 0.264866
2 0.641104 0.770253 0.0835142 0.188892 0.255177
2 0.603413 0.770667 0.156207 0.190511 0.250389
