2 0.682289 0.770105 0.144365 0.140415 0.89828
2 0.376199 0.83876 0.139286 0.160532 0.888418
11 0.935948 0.421529 0.0418812 0.0387474 0.861383
11 0.358029 0.260698 0.047782 0.0473511 0.823562
3 0.735101 0.236959 0.0967011 0.129306 0.795099
3 0.395301 0.59919 0.0855786 0.0783015 0.783833
11 0.706358 0.640849 0.0451802 0.0399402 0.7754
3 0.550161 0.35085 0.0998108 0.0944984 0.774235
11 0.341964 0.696963 0.0358953 0.0463005 0.759631
11 0.261499 0.827156 0.0331379 0.0429428 0.757733
2 0.10583 0.400349 0.188699 0.203733 0.751733
11 0.178537 0.82425 0.0296185 0.0392094 0.740373
3 0.561037 0.580696 0.0779468 0.105038 0.740077
11 0.751697 0.6688 0.0457748 0.0389353 0.735827
11 0.874637 0.750053 0.0400673 0.0338591 0.734097
2 0.919497 0.251538 0.161007 0.216582 0.728001
3 0.123468 0.965918 0.0824547 0.0667448 0.707398
11 0.800656 0.334972 0.0426093 0.0399835 0.701487
2 0.044869 0.583834 0.0895151 0.136678 0.700882
11 0.307745 0.616956 0.0330158 0.0396373 0.696332
11 0.804183 0.728462 0.041482 0.0523385 0.665819
3 0.747254 0.0981317 0.0823508 0.0856104 0.644941
11 0.232022 0.874769 0.0366329 0.0471154 0.611201
11 0.785518 0.244108 0.0410486 0.0477627 0.611038
11 0.952332 0.368823 0.050277 0.0412398 0.591552
2 0.580338 0.0495197 0.238851 0.09898 0.586068
2 0.175793 0.0589082 0.351256 0.117816 0.582781
11 0.912824 0.773508 0.0357576 0.0321817 0.57214
11 0.981285 0.820748 0.0368485 0.0367783 0.530262
11 0.61459 0.581707 0.0442556 0.0377078 0.5271
3 0.443796 0.328646 0.0703846 0.0694794 0.499873
2 0.976529 0.736679 0.0467316 0.177286 0.4368
11 0.884812 0.43311 0.0498881 0.04249 0.409739
2 0.230922 0.0549036 0.228484 0.109807 0.391714
11 0.286026 0.78722 0.0313528 0.0391124 0.3801
11 0.746486 0.298881 0.0430679 0.0391084 0.349889
11 0.157646 0.858012 0.025315 0.0298531 0.333695
2 0.953815 0.0663241 0.0923704 0.132648 0.319291
2 0.0611269 0.0532649 0.122116 0.10653 0.301705
11 0.8269 0.28689 0.039526 0.038006 0.299717
