2 0.359731 0.877088 0.3051 0.245657 0.824815
2 0.717947 0.210053 0.501552 0.402644 0.810887
2 0.0998755 0.438988 0.19726 0.186838 0.804835
7 0.572673 0.0550778 0.0465397 0.0679427 0.789827
7 0.0587074 0.631415 0.0634668 0.0395604 0.775592
7 0.941703 0.930267 0.0353886 0.0544373 0.770681
7 0.79717 0.390415 0.0600933 0.0388508 0.759202
2 0.183438 0.0886241 0.200602 0.176294 0.707729
11 0.46725 0.496296 0.0422949 0.0295866 0.671851
3 0.421438 0.476108 0.092404 0.134818 0.645051
7 0.401171 0.267057 0.0407946 0.0591704 0.58203
2 0.143867 0.0886071 0.28768 0.177214 0.5712
7 0.515246 0.48381 0.0535236 0.0372381 0.559166
3 0.194689 0.573345 0.0808748 0.117809 0.548896
11 0.8486 0.373048 0.0435745 0.0308783 0.512925
2 0.0414676 0.940593 0.0827887 0.118814 0.501323
2 0.808685 0.971657 0.172664 0.0566854 0.484267
7 0.0880998 0.967617 0.0442889 0.0631295 0.467924
7 0.469783 0.123532 0.0397657 0.05551 0.456636
2 0.461829 0.0386456 0.1615 0.0770139 0.437368
2 0.88112 0.811461 0.135458 0.159213 0.422118
11 0.0105137 0.649571 0.0210273 0.0304993 0.411408
2 0.549094 0.580168 0.311556 0.197303 0.4068
2 0.570379 0.753768 0.182698 0.152866 0.400066
2 0.278512 0.368487 0.201913 0.285961 0.396913
7 0.372947 0.324009 0.0371793 0.0501843 0.382442
2 0.367611 0.169128 0.22364 0.249061 0.379801
11 0.597539 0.00928578 0.0289825 0.0185493 0.371855
2 0.0537876 0.0763942 0.107495 0.152725 0.336738
3 0.430531 0.463181 0.083114 0.121074 0.289101
11 0.679433 0.427337 0.0406729 0.0284326 0.270853
3 0.392518 0.401803 0.111406 0.0630841 0.268042
2 0.095706 0.826743 0.190903 0.340978 0.260199
2 0.865659 0.855366 0.16166 0.246785 0.251919
