3 0.741729 0.326926 0.106806 0.0770189 0.863561
2 0.864597 0.205778 0.23732 0.247089 0.86277
2 0.544342 0.322026 0.231185 0.325149 0.861573
2 0.685533 0.639526 0.188027 0.284303 0.825269
2 0.283678 0.512374 0.201914 0.183831 0.800578
2 0.160223 0.046786 0.14639 0.0932188 0.784894
7 0.0730943 0.701157 0.0592879 0.0448037 0.750772
2 0.210365 0.176867 0.150495 0.166113 0.74593
11 0.295833 0.595405 0.0459009 0.0363249 0.743943
3 0.79609 0.545239 0.0658625 0.0481247 0.739831
2 0.542013 0.633868 0.145984 0.150355 0.736944
11 0.243824 0.617355 0.0463635 0.0315773 0.735156
2 0.0346313 0.908891 0.0689798 0.182218 0.721404
2 0.213257 0.869523 0.144475 0.260623 0.670912
2 0.92584 0.525723 0.148171 0.290717 0.662693
11 0.0997294 0.715351 0.0449316 0.0355806 0.643285
2 0.149719 0.599835 0.144359 0.109851 0.637422
2 0.933392 0.0590908 0.133215 0.118133 0.629213
11 0.761906 0.0133412 0.0319744 0.0265329 0.605993
2 0.370029 0.351542 0.113147 0.111511 0.58695
11 0.369936 0.560653 0.0453957 0.0388262 0.566497
11 0.181069 0.696916 0.0488654 0.0384056 0.527795
3 0.0393384 0.752819 0.0600246 0.0800587 0.520872
2 0.759921 0.83293 0.107082 0.143459 0.450865
2 0.0451079 0.586791 0.08903 0.27567 0.440619
11 0.8383 0.769605 0.0255303 0.0490751 0.436289
3 0.887732 0.358692 0.068771 0.0883366 0.427893
7 0.180437 0.696692 0.0486562 0.0382938 0.425792
11 0.0934571 0.711424 0.0467708 0.0409792 0.413451
11 0.417535 0.535103 0.0376026 0.0353585 0.370128
7 0.394049 0.225955 0.060013 0.0426646 0.355192
2 0.431992 0.899602 0.100166 0.12731 0.350862
11 0.0721968 0.973375 0.0245246 0.044816 0.343712
2 0.468709 0.113526 0.206149 0.222301 0.325873
2 0.924613 0.46051 0.150655 0.424624 0.277793
2 0.746333 0.948712 0.162575 0.102576 0.256118
