2 0.342346 0.262836 0.206234 0.18908 0.934356
2 0.663726 0.455552 0.165578 0.17851 0.930106
2 0.34208 0.70387 0.163543 0.16499 0.916896
2 0.0902165 0.46265 0.180433 0.277542 0.896066
2 0.207273 0.796548 0.158352 0.157884 0.874159
2 0.918806 0.704934 0.162389 0.184207 0.860643
2 0.769885 0.868919 0.119873 0.15034 0.854904
3 0.0401511 0.70375 0.061762 0.0818829 0.825552
2 0.490437 0.0399404 0.161714 0.0798808 0.823286
2 0.943432 0.5079 0.113136 0.174161 0.815232
2 0.518992 0.581448 0.201883 0.206087 0.804644
2 0.525627 0.160419 0.104133 0.119189 0.800507
2 0.35586 0.966453 0.131407 0.0670934 0.759886
3 0.717486 0.0988194 0.154289 0.113662 0.740716
3 0.0281335 0.786591 0.056267 0.0559377 0.700827
11 0.26648 0.515463 0.0363181 0.0377584 0.647148
2 0.975069 0.129471 0.0498613 0.117183 0.556346
