2 0.822743 0.866625 0.35347 0.266278 0.804049
11 0.21339 0.571472 0.0294701 0.0347597 0.803802
11 0.0631633 0.295807 0.0337728 0.0415723 0.801711
11 0.187024 0.529729 0.0316981 0.0385573 0.79904
11 0.856323 0.427789 0.0462032 0.0289091 0.791484
11 0.284023 0.690597 0.0335562 0.0402703 0.777106
11 0.963278 0.495797 0.0218418 0.0385 0.773467
11 0.240076 0.609203 0.0343842 0.0395931 0.765157
11 0.0694273 0.679158 0.0460765 0.0442842 0.75904
11 0.790148 0.502478 0.0240343 0.0424788 0.751721
11 0.431843 0.505602 0.0447756 0.0320977 0.721796
3 0.125014 0.373971 0.0874396 0.0504995 0.720013
11 0.484942 0.443789 0.0468884 0.0256933 0.719488
11 0.334237 0.770124 0.0316784 0.0377125 0.717252
11 0.0203865 0.718911 0.0283787 0.0401813 0.713021
11 0.0160722 0.208714 0.0320232 0.0491137 0.702954
11 0.0189705 0.601239 0.0379409 0.0426488 0.657633
11 0.139122 0.449639 0.0323904 0.041868 0.645821
2 0.669932 0.577285 0.329409 0.143895 0.625361
11 0.160653 0.488184 0.0345712 0.0433026 0.607044
11 0.0400923 0.260152 0.0333271 0.0329117 0.540838
11 0.0383148 0.253873 0.0353555 0.04423 0.506956
2 0.906626 0.620723 0.186748 0.140378 0.480106
11 0.00472038 0.165255 0.00944076 0.04149 0.471358
11 0.95673 0.423755 0.055468 0.0283388 0.445276
12 0.382448 0.0347325 0.0803672 0.0694651 0.439352
11 0.199266 0.687395 0.0422761 0.0403466 0.415536
2 0.752409 0.599984 0.495183 0.189236 0.321635
11 0.0866066 0.707386 0.0436609 0.0417948 0.290612
11 0.0043081 0.81083 0.00861621 0.0392054 0.289573
