2 0.469706 0.776623 0.104379 0.105459 0.896434
2 0.048 0.236046 0.0958381 0.107418 0.894094
2 0.246625 0.67272 0.133648 0.074802 0.887005
2 0.040395 0.566612 0.0802368 0.110092 0.886266
2 0.769489 0.968517 0.161787 0.0627132 0.878216
2 0.371764 0.589042 0.151068 0.116878 0.877225
2 0.371718 0.293148 0.111812 0.163305 0.870444
11 0.629698 0.863113 0.0377269 0.0263313 0.869346
2 0.788609 0.45015 0.128273 0.125255 0.855904
11 0.135379 0.140916 0.0513662 0.0341357 0.841195
11 0.746391 0.865408 0.0463715 0.0270809 0.837114
11 0.570826 0.862688 0.0479876 0.0293776 0.836665
11 0.836204 0.175608 0.03958 0.029404 0.83562
11 0.0182717 0.890498 0.0365434 0.0307974 0.8342
11 0.213202 0.899126 0.0457213 0.0297672 0.827281
2 0.658042 0.80019 0.0968006 0.104342 0.8203
11 0.673824 0.864329 0.0416412 0.0271559 0.814098
11 0.792202 0.867892 0.0402924 0.0258672 0.812448
11 0.0600175 0.892909 0.0417885 0.0281162 0.811748
2 0.116248 0.979266 0.139034 0.0414683 0.811608
11 0.162902 0.0867029 0.047015 0.0274953 0.802099
11 0.0274956 0.838175 0.0478874 0.0295513 0.796596
2 0.975359 0.966821 0.0492828 0.066299 0.796459
2 0.806367 0.79144 0.0834894 0.104757 0.793627
11 0.405183 0.158818 0.053454 0.0344611 0.792811
11 0.218147 0.846426 0.0466979 0.0259136 0.788049
11 0.104224 0.89655 0.0423761 0.0289446 0.787914
11 0.70079 0.504356 0.0470478 0.0276836 0.787153
2 0.109365 0.764137 0.10534 0.0905508 0.779663
3 0.930054 0.198386 0.0836979 0.0394444 0.779104
11 0.884178 0.818866 0.0194492 0.0382748 0.77388
3 0.853417 0.904144 0.0318005 0.0723605 0.761251
11 0.419522 0.910356 0.0401404 0.0233928 0.761205
11 0.4593 0.857966 0.0514975 0.0303385 0.760593
2 0.0198903 0.744975 0.0397806 0.117834 0.755829
11 0.901162 0.346843 0.0210565 0.0420887 0.753737
11 0.447416 0.0981293 0.0460825 0.0269754 0.751509
11 0.402322 0.85238 0.0422996 0.0258795 0.750601
11 0.486913 0.15906 0.0408892 0.0290537 0.743073
2 0.354613 0.0308894 0.100712 0.0617788 0.742952
2 0.472041 0.0456238 0.10861 0.0912371 0.741485
11 0.49618 0.10082 0.0463286 0.0266446 0.738343
11 0.190324 0.147991 0.048103 0.0311613 0.733881
11 0.885723 0.724402 0.0220767 0.0414291 0.733628
11 0.889476 0.670728 0.0193939 0.0384613 0.728981
2 0.581097 0.0303243 0.0831035 0.0606485 0.691711
11 0.787304 0.931153 0.040855 0.0225281 0.64617
2 0.0892011 0.0215599 0.178402 0.0430324 0.629118
2 0.985611 0.779761 0.0287784 0.108694 0.613519
3 0.988578 0.119576 0.0226393 0.118158 0.612371
11 0.885038 0.77605 0.0190576 0.0367075 0.610505
11 0.489027 0.367386 0.0423772 0.0270709 0.599308
2 0.701255 0.0293295 0.133441 0.0586591 0.58995
2 0.0248779 0.971876 0.0497557 0.055814 0.582324
2 0.581888 0.9674 0.0918965 0.065201 0.580549
2 0.694471 0.341163 0.300948 0.235666 0.562388
11 0.907639 0.301009 0.0193237 0.0415707 0.534118
2 0.737057 0.787155 0.0762826 0.103051 0.526286
2 0.519678 0.964762 0.217496 0.0704761 0.524111
2 0.988558 0.775903 0.0228834 0.0933773 0.521024
11 0.897801 0.459931 0.0211111 0.0451048 0.518501
2 0.794747 0.0530489 0.0703204 0.102675 0.513124
11 0.369053 0.906343 0.0433784 0.0279913 0.496049
2 0.478507 0.248452 0.0742165 0.140312 0.381641
11 0.167807 0.900569 0.0437383 0.0314591 0.380234
2 0.477946 0.964838 0.133648 0.069905 0.342516
2 0.0161969 0.389984 0.0322944 0.132898 0.340169
2 0.388194 0.981333 0.064326 0.0373347 0.325599
2 0.321645 0.980605 0.0786871 0.03879 0.322404
11 0.51793 0.68368 0.0234728 0.0476904 0.297155
11 0.890465 0.56664 0.0217526 0.0553882 0.278143
2 0.446396 0.695488 0.0476288 0.0806802 0.2685
2 0.123383 0.0205358 0.10478 0.0410717 0.255566
