7 0.0667191 0.435287 0.0556476 0.0686058 0.908432
2 0.871556 0.164375 0.136635 0.124407 0.900546
2 0.665137 0.568451 0.163077 0.167062 0.888063
2 0.937281 0.271825 0.123939 0.122669 0.882527
2 0.455589 0.257315 0.183089 0.159729 0.872109
2 0.0546564 0.251768 0.109145 0.119466 0.858757
2 0.870944 0.553465 0.110719 0.105517 0.846631
2 0.194711 0.511021 0.138343 0.127458 0.838403
2 0.750524 0.720059 0.109971 0.110935 0.836366
2 0.191355 0.0931668 0.153333 0.16221 0.807565
3 0.35167 0.0771367 0.0795099 0.0687566 0.803123
11 0.300962 0.114064 0.0349168 0.0386175 0.785402
2 0.819393 0.955651 0.0999333 0.0886988 0.775065
11 0.21375 0.233756 0.0344878 0.0409619 0.760866
11 0.270866 0.154038 0.0318792 0.0367129 0.757364
2 0.435898 0.654756 0.108448 0.0983778 0.732876
2 0.13261 0.741627 0.128536 0.138482 0.71567
2 0.81568 0.637823 0.0982128 0.101843 0.703971
2 0.200358 0.633838 0.113207 0.115106 0.690449
2 0.0779364 0.0426336 0.142368 0.085228 0.64137
2 0.32988 0.35336 0.117909 0.122402 0.635693
2 0.693508 0.819738 0.14082 0.149418 0.62165
2 0.123895 0.891614 0.156371 0.162281 0.620476
7 0.619129 0.199789 0.0668686 0.0562125 0.619845
11 0.245286 0.187743 0.0389123 0.0424387 0.61401
2 0.191974 0.961196 0.152065 0.077404 0.55911
2 0.679782 0.0584431 0.127747 0.115493 0.528122
2 0.254016 0.426111 0.109889 0.112794 0.472628
7 0.371646 0.160511 0.0417343 0.0480595 0.439639
11 0.15444 0.308035 0.0394503 0.0461247 0.436447
2 0.886505 0.867021 0.139612 0.124699 0.388573
7 0.653023 0.397394 0.0457581 0.0570433 0.373907
7 0.392809 0.17868 0.0539854 0.0625201 0.342412
11 0.882268 0.426103 0.0440672 0.0411193 0.273042
