2 0.923965 0.641079 0.127098 0.107525 0.892391
2 0.887838 0.28241 0.121984 0.118603 0.876061
3 0.56654 0.13476 0.0913704 0.0537275 0.875273
2 0.878486 0.0466672 0.13423 0.0933345 0.871157
2 0.239356 0.772732 0.122485 0.119142 0.851996
2 0.66056 0.0498341 0.137129 0.0996682 0.845833
2 0.351542 0.34387 0.124293 0.121888 0.834636
2 0.0852636 0.101858 0.120038 0.199687 0.828255
2 0.960108 0.944479 0.0796469 0.111042 0.816929
2 0.647679 0.288894 0.110193 0.113129 0.768271
11 0.432827 0.180604 0.0436722 0.0293437 0.736182
11 0.0848879 0.317553 0.0458602 0.0285095 0.697643
2 0.107978 0.400331 0.21379 0.151886 0.692867
2 0.875902 0.925825 0.0971122 0.108977 0.687573
11 0.915211 0.371932 0.0449364 0.0319561 0.686938
2 0.518773 0.398525 0.233784 0.23494 0.676349
2 0.297216 0.0871698 0.196543 0.17434 0.67008
11 0.917892 0.398494 0.0471405 0.0302376 0.667946
11 0.505713 0.0251451 0.0341285 0.0492183 0.658646
2 0.923876 0.775375 0.061023 0.0544041 0.613368
11 0.330401 0.669594 0.030668 0.0489084 0.560862
11 0.527181 0.0815907 0.0334322 0.0514562 0.547628
7 0.0343686 0.329163 0.0547078 0.0307976 0.541435
2 0.794873 0.956963 0.11131 0.0860567 0.528222
2 0.0343105 0.170199 0.0686211 0.0958198 0.512617
11 0.0336813 0.328114 0.0554996 0.0312524 0.493985
2 0.976712 0.480127 0.0465769 0.0810819 0.490882
2 0.0487274 0.73978 0.0974078 0.0743265 0.364948
2 0.252229 0.367711 0.105112 0.118896 0.3649
2 0.726852 0.673194 0.114863 0.0963676 0.333623
11 0.320355 0.274599 0.0455596 0.0261408 0.322897
2 0.634033 0.957895 0.229457 0.08421 0.317034
11 0.745214 0.0339371 0.0389484 0.0544651 0.294187
2 0.515837 0.364975 0.228928 0.170798 0.258458
