2 0.467371 0.483403 0.144836 0.147582 0.896544
2 0.345332 0.67712 0.129831 0.122929 0.891979
2 0.452808 0.635912 0.142086 0.136232 0.886471
2 0.896359 0.835235 0.13805 0.136822 0.870258
2 0.605236 0.133455 0.375622 0.2648 0.858351
2 0.766437 0.36103 0.13804 0.129624 0.840037
2 0.692304 0.888881 0.149044 0.141048 0.829322
11 0.454494 0.785229 0.0473907 0.0359054 0.828821
11 0.547841 0.7321 0.045653 0.0315054 0.815998
11 0.813247 0.592834 0.0483602 0.0357988 0.789334
2 0.959186 0.670699 0.0816281 0.127606 0.774474
2 0.097207 0.92071 0.194414 0.158579 0.76437
2 0.638328 0.507525 0.152228 0.148629 0.760878
2 0.152021 0.297142 0.303869 0.267235 0.722339
11 0.625329 0.692441 0.0508973 0.0349547 0.709092
2 0.255227 0.521823 0.163464 0.200569 0.70839
2 0.577275 0.883175 0.0982136 0.0999981 0.688434
3 0.276974 0.775449 0.0644889 0.0592899 0.682495
2 0.78271 0.817285 0.0942213 0.0935585 0.643443
2 0.952847 0.371111 0.0942045 0.120042 0.64113
2 0.702194 0.415548 0.111081 0.107539 0.616463
11 0.664967 0.671165 0.0492913 0.0349606 0.492074
3 0.080361 0.718292 0.0481219 0.119943 0.379166
2 0.365718 0.0348101 0.165243 0.0694358 0.324916
11 0.012399 0.406583 0.024407 0.0365132 0.281465
2 0.594477 0.973115 0.10885 0.0537703 0.280168
