2 0.339021 0.162431 0.15013 0.167078 0.925871
2 0.210266 0.519144 0.131307 0.151024 0.899032
2 0.636455 0.175264 0.123319 0.10556 0.858807
2 0.806712 0.934748 0.101525 0.108875 0.827739
2 0.746026 0.492004 0.107076 0.0995867 0.823657
2 0.889928 0.408622 0.11758 0.106406 0.812752
2 0.499892 0.227425 0.157354 0.149304 0.799221
2 0.449105 0.677485 0.106123 0.100932 0.796856
2 0.744238 0.0865226 0.103477 0.12028 0.794971
2 0.269511 0.0413587 0.120799 0.0824239 0.793359
2 0.171396 0.336733 0.0812613 0.105206 0.792289
2 0.332134 0.645721 0.129037 0.100071 0.76822
2 0.848762 0.629401 0.0946571 0.101721 0.742948
2 0.947791 0.135246 0.104419 0.121758 0.724312
2 0.300637 0.761839 0.110561 0.130158 0.724014
2 0.296215 0.886236 0.0950717 0.104958 0.68666
11 0.138781 0.803371 0.0364355 0.045546 0.686619
2 0.5834 0.0558576 0.114884 0.111715 0.652626
2 0.94913 0.805031 0.101739 0.160973 0.646058
2 0.599185 0.585938 0.110647 0.0991491 0.641363
2 0.229889 0.68738 0.095612 0.0900133 0.639782
11 0.351491 0.532251 0.0416911 0.0332623 0.616788
2 0.353089 0.959806 0.111582 0.0803887 0.601179
2 0.7001 0.898387 0.128688 0.150761 0.556263
2 0.142394 0.0786872 0.128528 0.0997699 0.528711
2 0.727828 0.0171595 0.105409 0.0343189 0.431948
11 0.187381 0.89237 0.0386928 0.0533009 0.431085
11 0.231965 0.975244 0.0351401 0.0475784 0.42912
2 0.959132 0.221628 0.0817356 0.115829 0.413836
2 0.617087 0.906256 0.154188 0.178498 0.396349
11 0.877925 0.99295 0.0370813 0.0140995 0.396288
11 0.976773 0.990797 0.0427879 0.0184055 0.367621
2 0.984489 0.313277 0.0309315 0.130636 0.350438
2 0.774519 0.791836 0.0774835 0.0931839 0.335013
2 0.985346 0.745602 0.0292214 0.12699 0.309229
11 0.10602 0.754884 0.0338799 0.0512711 0.288839
2 0.424022 0.586434 0.0987749 0.0847902 0.282396
