2 0.797418 0.065363 0.203582 0.130726 0.92965
2 0.699466 0.679909 0.119318 0.132663 0.903337
2 0.430258 0.108517 0.137171 0.180515 0.881648
11 0.057403 0.277392 0.045264 0.0319893 0.873511
11 0.830432 0.851051 0.0452244 0.0421772 0.775312
3 0.55631 0.450349 0.0743052 0.0482212 0.758739
2 0.846022 0.922939 0.305564 0.153507 0.712182
3 0.509457 0.712502 0.0587404 0.0342964 0.635047
3 0.357567 0.303164 0.104378 0.0564723 0.619996
3 0.550907 0.278431 0.0448025 0.082724 0.616067
11 0.00822877 0.271956 0.0164205 0.0312167 0.566616
11 0.758469 0.188159 0.0490415 0.0302331 0.530259
3 0.493593 0.831296 0.0723408 0.0343754 0.448694
5 0.26689 0.711292 0.426681 0.572341 0.433261
7 0.758727 0.188287 0.0488693 0.0305853 0.393209
