2 0.171197 0.806718 0.312112 0.383183 0.878846
11 0.206984 0.504794 0.030003 0.0396103 0.858882
11 0.436251 0.657677 0.0232932 0.0454664 0.83121
11 0.671779 0.304261 0.0254355 0.0451139 0.82989
11 0.446742 0.554066 0.0210839 0.0362189 0.804005
11 0.483124 0.141173 0.0219557 0.0414895 0.800336
11 0.440197 0.607614 0.0259593 0.0500587 0.79363
11 0.678652 0.934083 0.0250142 0.0490364 0.789606
11 0.157061 0.31847 0.0337067 0.0413058 0.771682
11 0.480232 0.189031 0.0252367 0.0477358 0.763785
11 0.457591 0.444699 0.0267601 0.0482866 0.752603
11 0.475812 0.236994 0.0232447 0.0449048 0.742467
11 0.67919 0.250476 0.0255726 0.0446284 0.740071
11 0.683235 0.201606 0.0265846 0.046511 0.737385
2 0.0575387 0.480106 0.114296 0.235353 0.728416
11 0.116437 0.294003 0.0303051 0.0250133 0.727279
11 0.666777 0.555147 0.0229453 0.0452247 0.72425
11 0.669234 0.410021 0.023035 0.0453993 0.723814
7 0.672596 0.868237 0.0297286 0.0554053 0.722327
11 0.43111 0.707966 0.0238648 0.0502888 0.720145
11 0.424664 0.758446 0.021958 0.0457251 0.719272
11 0.42302 0.802175 0.0253269 0.0456013 0.712931
11 0.417655 0.875498 0.0263863 0.0526012 0.706771
11 0.628116 0.80682 0.0333737 0.0421815 0.705504
11 0.461204 0.387821 0.0220045 0.0440774 0.70187
11 0.470136 0.288757 0.0251678 0.0506304 0.695314
11 0.201547 0.423845 0.0423076 0.0339983 0.695128
11 0.667007 0.503013 0.0228965 0.0446057 0.684497
11 0.197425 0.391447 0.0444673 0.0384187 0.667865
11 0.673338 0.812503 0.0230352 0.0430389 0.667108
11 0.200301 0.332863 0.0492879 0.0328064 0.6626
11 0.450366 0.502563 0.0236027 0.0477181 0.646701
11 0.666868 0.664218 0.022666 0.0457362 0.606646
11 0.489129 0.352656 0.0258618 0.0462241 0.588057
11 0.671782 0.354158 0.0245243 0.0494578 0.5585
11 0.410909 0.930113 0.0266489 0.0499988 0.543947
11 0.490241 0.0961373 0.0209347 0.0420233 0.478703
7 0.488823 0.352522 0.0262581 0.0462003 0.452767
2 0.043107 0.0142392 0.086214 0.0284785 0.449274
11 0.670087 0.769984 0.0222636 0.0330791 0.322272
11 0.405924 0.980098 0.0296583 0.039221 0.304234
7 0.627974 0.815431 0.0328143 0.05742 0.281524
11 0.465959 0.338263 0.022886 0.0457629 0.277954
11 0.423048 0.766211 0.0238113 0.0510417 0.267355
