11 0.0388195 0.683825 0.029525 0.0488278 0.829058
11 0.0421693 0.549877 0.0336335 0.0493434 0.800508
11 0.731106 0.973039 0.0453554 0.030228 0.777005
11 0.08133 0.873711 0.0363301 0.044648 0.708837
7 0.0805502 0.697685 0.034446 0.0591734 0.6717
2 0.852602 0.38937 0.294797 0.438399 0.661453
11 0.618173 0.10305 0.0467589 0.0639235 0.616239
11 0.0808949 0.698121 0.0328141 0.0568322 0.587965
11 0.780852 0.684656 0.0436154 0.0303691 0.569674
7 0.618834 0.104081 0.0471489 0.0653336 0.563276
7 0.138123 0.935947 0.0443267 0.0716324 0.534183
11 0.00506572 0.49118 0.0101314 0.0393837 0.451312
7 0.0594587 0.787472 0.0387883 0.0523868 0.378651
7 0.0131526 0.362849 0.0263053 0.0685432 0.302603
7 0.31964 0.0151642 0.0414866 0.0302295 0.299086
