11 0.632991 0.624771 0.0497255 0.0315309 0.88277
11 0.540918 0.629349 0.0454741 0.0329927 0.870862
11 0.588344 0.629146 0.0406517 0.0293871 0.840613
2 0.235332 0.895112 0.465655 0.209298 0.829248
11 0.622647 0.563412 0.0427666 0.0285663 0.819839
11 0.432514 0.569021 0.0383017 0.0248659 0.795623
2 0.842873 0.311659 0.312241 0.335725 0.794891
11 0.220886 0.634062 0.041022 0.0280178 0.789693
2 0.533985 0.182856 0.473954 0.219317 0.778367
11 0.480265 0.566827 0.048156 0.0300401 0.738892
11 0.530258 0.567577 0.045526 0.0243713 0.715388
11 0.194651 0.576554 0.0657069 0.0252947 0.659611
11 0.714628 0.628791 0.0496039 0.022094 0.633458
2 0.459311 0.789723 0.248229 0.280716 0.613231
11 0.766058 0.627422 0.0501995 0.0273756 0.610949
11 0.32984 0.57396 0.0403443 0.0194286 0.587976
11 0.668642 0.567591 0.0477554 0.0233589 0.577742
11 0.288611 0.573491 0.0429268 0.0202749 0.498851
2 0.112591 0.722296 0.22462 0.161311 0.496441
2 0.82942 0.953777 0.34116 0.0923245 0.390562
2 0.138455 0.074512 0.229051 0.14902 0.311424
2 0.898263 0.740037 0.203475 0.247414 0.285482
7 0.978715 0.621339 0.0425697 0.0350361 0.266615
