3 0.363536 0.315186 0.132181 0.104854 0.854104
6 0.752804 0.533521 0.094879 0.0762469 0.847533
11 0.0555889 0.175963 0.041727 0.0544026 0.815731
11 0.229177 0.795275 0.0483269 0.0393193 0.800611
11 0.467243 0.365202 0.0464219 0.0470185 0.765591
11 0.677552 0.587022 0.0444241 0.0359519 0.765375
7 0.913613 0.405021 0.0578796 0.0418708 0.75917
11 0.078016 0.609226 0.0406666 0.0368369 0.752679
11 0.498107 0.645635 0.045187 0.0377762 0.749166
11 0.831852 0.527154 0.045663 0.03255 0.740723
11 0.963163 0.607572 0.0451682 0.042598 0.733827
7 0.55357 0.614533 0.0616749 0.0506274 0.729634
11 0.504533 0.440571 0.038229 0.0415411 0.644986
11 0.891418 0.443127 0.0485168 0.0329054 0.633898
6 0.449469 0.708965 0.0811385 0.0609053 0.568686
3 0.344757 0.508444 0.116725 0.0833077 0.567973
3 0.492646 0.241768 0.147631 0.104032 0.558613
11 0.613844 0.530299 0.0470837 0.0284277 0.550192
7 0.6698 0.543512 0.0605362 0.0316527 0.500723
7 0.519872 0.670422 0.0569223 0.0445986 0.476444
11 0.563721 0.427904 0.0467441 0.0458733 0.474944
11 0.454296 0.392624 0.0497046 0.0471957 0.466425
11 0.035457 0.00620149 0.0446728 0.012403 0.458761
11 0.895515 0.0646594 0.0478443 0.0410292 0.440268
7 0.570292 0.474691 0.0529418 0.0393763 0.437516
11 0.282745 0.760763 0.0551946 0.0454399 0.40775
11 0.569575 0.47467 0.0535023 0.0387644 0.363198
11 0.513561 0.397113 0.0435515 0.0420913 0.36276
7 0.894748 0.0645465 0.0474678 0.0410362 0.353227
2 0.707112 0.8314 0.359245 0.337179 0.327776
3 0.969138 0.417524 0.061281 0.136698 0.321785
7 0.449234 0.709548 0.0823717 0.0601586 0.278785
11 0.45282 0.668547 0.0437976 0.0325586 0.276841
2 0.452465 0.905941 0.34293 0.187291 0.255539
