2 0.473923 0.126231 0.355134 0.252462 0.891245
2 0.715027 0.608302 0.202101 0.18576 0.86802
11 0.673432 0.398456 0.0498049 0.0445082 0.852461
11 0.501665 0.599994 0.0418762 0.0400492 0.840308
11 0.793682 0.357567 0.0367325 0.0467725 0.825802
11 0.0695358 0.0370177 0.0365898 0.0497048 0.818155
11 0.347464 0.857962 0.0388425 0.0371399 0.813422
11 0.84581 0.279857 0.0497936 0.0442063 0.808354
11 0.934929 0.920546 0.0478624 0.0413696 0.798715
11 0.195842 0.0241356 0.0367334 0.0459777 0.797926
11 0.122261 0.436635 0.0234709 0.0439665 0.796764
11 0.381863 0.942406 0.0426301 0.0419551 0.796585
7 0.123956 0.133666 0.0480686 0.060635 0.795221
7 0.0785287 0.452349 0.0544061 0.062376 0.791616
2 0.272603 0.237426 0.179267 0.220688 0.786016
2 0.84832 0.695989 0.130601 0.137572 0.766426
2 0.968375 0.81939 0.0632494 0.143777 0.738144
11 0.53162 0.727672 0.0440767 0.0356918 0.720669
7 0.177317 0.362525 0.0581579 0.0494945 0.695706
11 0.765315 0.225793 0.0463026 0.0297016 0.687678
11 0.0293272 0.569298 0.0362839 0.0284485 0.661036
11 0.217692 0.43305 0.0455341 0.0395332 0.635775
11 0.788624 0.405893 0.0438869 0.04141 0.613439
11 0.688083 0.110632 0.0368879 0.0370289 0.611747
7 0.53092 0.948756 0.0723299 0.0382927 0.610054
11 0.580187 0.289101 0.0394957 0.0467208 0.572013
11 0.331255 0.806049 0.0441743 0.0345848 0.544122
11 0.259658 0.0490257 0.0457296 0.0277262 0.539145
2 0.449109 0.385007 0.148579 0.162292 0.537524
11 0.0312773 0.0453471 0.035303 0.0457475 0.527303
11 0.624352 0.308971 0.0357185 0.0430974 0.506518
11 0.693387 0.326581 0.0224169 0.0285536 0.502247
3 0.0422607 0.351842 0.0697937 0.105465 0.47767
11 0.464763 0.57471 0.0370869 0.0325531 0.4773
2 0.597583 0.498742 0.143872 0.170947 0.456032
2 0.334951 0.981345 0.121216 0.0373098 0.421476
2 0.234026 0.947915 0.141366 0.10417 0.41431
7 0.421699 0.555389 0.044985 0.0366619 0.407526
7 0.788268 0.405988 0.0437115 0.0414853 0.391562
11 0.748901 0.443882 0.0472296 0.0394119 0.391121
11 0.8105 0.896886 0.0632971 0.0425663 0.368495
11 0.752838 0.159568 0.0380341 0.0339636 0.354975
2 0.0153217 0.748982 0.0306433 0.124438 0.34541
11 0.466377 0.912406 0.0373173 0.0294493 0.340006
2 0.131111 0.885775 0.151769 0.124902 0.317575
11 0.644516 0.316363 0.0299736 0.0437163 0.30793
11 0.577046 0.283028 0.0426775 0.0502269 0.282767
11 0.683992 0.327204 0.0381342 0.0306198 0.267572
11 0.422164 0.556034 0.0447694 0.0374642 0.261863
