2 0.162306 0.839021 0.171254 0.174217 0.885513
11 0.276934 0.227377 0.0380783 0.0377367 0.882122
6 0.231649 0.187871 0.0922936 0.112123 0.850461
11 0.445784 0.0173622 0.0405373 0.0344499 0.736397
2 0.251401 0.441006 0.288024 0.303825 0.678397
11 0.128822 0.409405 0.0374618 0.0366136 0.660414
7 0.304803 0.08437 0.0538742 0.0576049 0.492477
11 0.378655 0.00748954 0.043478 0.0149437 0.465467
2 0.320543 0.913956 0.103952 0.0966263 0.422808
2 0.406929 0.970858 0.105014 0.0582837 0.405078
2 0.529727 0.0956637 0.147817 0.109473 0.400433
2 0.127169 0.646478 0.213365 0.169848 0.362019
11 0.46999 0.00947586 0.0370808 0.0188582 0.354897
2 0.609592 0.0471449 0.181597 0.0942898 0.31346
11 0.304625 0.0843892 0.055739 0.0580862 0.302472
2 0.959574 0.047688 0.0808531 0.095376 0.29373
2 0.142879 0.0268602 0.213443 0.0536684 0.287456
5 0.58995 0.516214 0.820099 0.967572 0.276344
2 0.0611292 0.726414 0.121964 0.181129 0.270162
2 0.0445151 0.150398 0.0888321 0.26746 0.256863
