2 0.165373 0.139902 0.284083 0.278933 0.895728
3 0.31165 0.738577 0.0636112 0.0879965 0.862899
2 0.832642 0.382564 0.334039 0.283207 0.848118
2 0.523627 0.217134 0.201571 0.26183 0.845075
3 0.273945 0.866991 0.124311 0.104297 0.83452
2 0.286884 0.424072 0.272386 0.355206 0.827246
2 0.729454 0.16364 0.270872 0.325326 0.736048
11 0.799121 0.539921 0.0438428 0.03134 0.73201
11 0.361764 0.737204 0.0374907 0.0298504 0.691657
11 0.528924 0.661545 0.0380003 0.0275513 0.676599
11 0.364957 0.676897 0.040335 0.0316305 0.588151
11 0.126606 0.512726 0.0296833 0.0346798 0.582589
11 0.443553 0.644464 0.0502717 0.0349329 0.57615
11 0.572616 0.640766 0.0383276 0.0292845 0.536949
2 0.111818 0.880862 0.223636 0.238137 0.494482
7 0.665799 0.542215 0.0499166 0.0358358 0.476889
11 0.142512 0.544028 0.0295054 0.0336386 0.443388
11 0.179085 0.603841 0.0286182 0.0322603 0.442864
2 0.7871 0.65954 0.167469 0.179321 0.346819
2 0.558398 0.765928 0.176791 0.177414 0.343759
2 0.970823 0.104927 0.058354 0.202376 0.336826
11 0.162048 0.574009 0.0269779 0.0294595 0.33606
2 0.750942 0.866004 0.20126 0.232323 0.322817
7 0.619655 0.623457 0.0458625 0.0353657 0.31454
2 0.910394 0.609241 0.166321 0.185202 0.309272
11 0.22249 0.682507 0.0317493 0.0416019 0.277893
2 0.0380981 0.666795 0.0761962 0.313628 0.263504
