11 0.893523 0.0864876 0.0395664 0.0353812 0.863103
11 0.290797 0.738344 0.0299769 0.0440117 0.825896
11 0.850918 0.0562941 0.0373085 0.0336712 0.79041
11 0.141361 0.95563 0.0315982 0.0481657 0.783611
2 0.832705 0.916272 0.165518 0.167384 0.762901
11 0.393602 0.203415 0.0215735 0.0417586 0.744804
11 0.158754 0.912239 0.031245 0.0489189 0.740435
11 0.367579 0.350596 0.0226896 0.0420633 0.739669
11 0.329258 0.273546 0.0249371 0.0526873 0.73953
2 0.0714379 0.920277 0.133821 0.157962 0.710964
2 0.850146 0.753904 0.160483 0.170224 0.708477
2 0.798386 0.542947 0.234272 0.26075 0.676368
11 0.272883 0.607593 0.0262778 0.0518375 0.596599
2 0.564898 0.0727084 0.162092 0.142745 0.586456
2 0.15355 0.400636 0.30654 0.669766 0.560275
2 0.801383 0.136782 0.223308 0.209253 0.543201
11 0.208546 0.932451 0.0260073 0.0338165 0.516829
11 0.282752 0.548992 0.0265809 0.0500372 0.48885
11 0.123611 0.988208 0.0300097 0.0235375 0.445962
11 0.19359 0.81589 0.0276305 0.0448723 0.431245
11 0.993028 0.170706 0.013944 0.0403216 0.400896
2 0.483377 0.507645 0.256747 0.825796 0.348945
2 0.10113 0.0230919 0.202259 0.0461334 0.292385
2 0.115919 0.642646 0.231821 0.191646 0.255078
