7 0.0465852 0.443806 0.0649047 0.0483208 0.901205
2 0.193592 0.682972 0.213778 0.307161 0.873878
11 0.74202 0.439387 0.0377119 0.0451431 0.863475
11 0.329469 0.19027 0.0422154 0.0417575 0.838436
11 0.394279 0.215167 0.0432779 0.044076 0.835596
11 0.596606 0.0949658 0.042218 0.043091 0.821973
11 0.834367 0.0182197 0.0422882 0.0364394 0.818618
11 0.797907 0.478604 0.0367806 0.0491423 0.816487
7 0.710917 0.0229253 0.0690396 0.0458507 0.811333
11 0.733988 0.352041 0.0279031 0.0469288 0.795279
11 0.355233 0.26118 0.0267805 0.0493077 0.79296
11 0.411743 0.171169 0.0487698 0.0394048 0.77787
11 0.260589 0.256904 0.0425672 0.0399827 0.773937
11 0.693 0.377153 0.0388287 0.049116 0.755321
11 0.530678 0.119361 0.0360126 0.0371033 0.748878
11 0.826311 0.0538912 0.0437451 0.0384424 0.739779
7 0.711664 0.297705 0.0362433 0.0603557 0.727363
11 0.344192 0.404534 0.0433994 0.0345797 0.71355
3 0.612879 0.293084 0.0766448 0.0774245 0.709813
11 0.0953804 0.3558 0.0447043 0.0398399 0.690152
3 0.414899 0.408859 0.119377 0.109208 0.670836
3 0.757491 0.198554 0.168834 0.116394 0.662871
3 0.509263 0.353775 0.088941 0.0949875 0.587386
7 0.00965046 0.495636 0.0193009 0.0403612 0.533858
3 0.154677 0.325226 0.0832605 0.1203 0.532929
2 0.261697 0.936265 0.264164 0.127469 0.419389
3 0.752648 0.219017 0.166651 0.101979 0.302169
11 0.0137285 0.620766 0.0274535 0.0366997 0.277732
