2 0.150273 0.559519 0.189242 0.179709 0.913475
3 0.746695 0.48776 0.0897527 0.0856103 0.903715
7 0.588686 0.327812 0.0493815 0.0606105 0.884186
3 0.821979 0.656813 0.0938935 0.0630803 0.836234
11 0.392655 0.0549951 0.0367178 0.0412292 0.8115
2 0.0374817 0.900574 0.0747216 0.192831 0.798079
11 0.583416 0.232984 0.0344554 0.0404534 0.796237
3 0.87104 0.446006 0.121297 0.0522289 0.795499
11 0.421381 0.0960232 0.0342768 0.0394047 0.793898
11 0.448744 0.133404 0.0363615 0.0399211 0.79247
11 0.677298 0.359026 0.0345162 0.040871 0.765689
11 0.555014 0.281363 0.0350806 0.0367805 0.760007
11 0.645466 0.317372 0.040065 0.0468102 0.758199
11 0.982916 0.274311 0.0339943 0.0417336 0.751628
11 0.703278 0.397552 0.0333387 0.0413733 0.74799
11 0.491773 0.193934 0.0405597 0.0503066 0.732946
3 0.925906 0.512388 0.0605725 0.088241 0.720486
2 0.927405 0.814259 0.144711 0.371482 0.642752
11 0.527842 0.152359 0.0362097 0.0413804 0.61481
11 0.894322 0.371507 0.0357775 0.0376125 0.596511
11 0.621025 0.378278 0.0368081 0.0417041 0.595997
11 0.858831 0.404546 0.0426357 0.0369397 0.593418
2 0.310226 0.266212 0.371676 0.368904 0.556858
11 0.366764 0.0188728 0.0331762 0.0377457 0.543428
2 0.404946 0.373141 0.180409 0.160702 0.532245
11 0.623502 0.586295 0.0420468 0.0288624 0.484766
11 0.616037 0.28141 0.0274614 0.0262339 0.482442
11 0.524587 0.239609 0.0337719 0.0313401 0.416951
2 0.875099 0.163417 0.249543 0.326067 0.392837
2 0.795702 0.164534 0.408596 0.328912 0.391464
11 0.559944 0.198233 0.0288243 0.029986 0.37168
2 0.499504 0.571613 0.186532 0.258437 0.286724
11 0.505025 0.120614 0.0266413 0.025185 0.268134
11 0.614194 0.277618 0.0303903 0.0325697 0.266174
2 0.524688 0.881395 0.205182 0.234479 0.262731
2 0.50889 0.833422 0.238303 0.333157 0.260551
2 0.714562 0.0830933 0.237452 0.16498 0.251895
