2 0.379082 0.30818 0.127414 0.121843 0.903368
2 0.12243 0.793428 0.172523 0.189453 0.901482
2 0.45871 0.204259 0.151571 0.123911 0.889006
2 0.921264 0.945326 0.157472 0.108994 0.884546
2 0.474516 0.780774 0.108277 0.102753 0.878363
2 0.64615 0.695751 0.223072 0.130553 0.851135
11 0.8155 0.0382545 0.0389317 0.0404762 0.842542
11 0.624186 0.268813 0.0304645 0.0415316 0.819622
11 0.442222 0.602063 0.0331955 0.0457677 0.808154
11 0.27216 0.921695 0.0303927 0.0405916 0.801379
11 0.743897 0.112525 0.041407 0.0414886 0.770114
2 0.842338 0.139555 0.176544 0.162204 0.74777
11 0.250056 0.962825 0.0349748 0.0468716 0.739446
11 0.388295 0.899023 0.0477148 0.0304688 0.727349
11 0.929818 0.576665 0.0309955 0.0428268 0.725679
11 0.464551 0.557232 0.0324316 0.0413564 0.720824
2 0.706445 0.330599 0.123169 0.120849 0.711712
11 0.845308 0.0108773 0.0288914 0.0216426 0.708776
11 0.650725 0.469832 0.0253586 0.0403058 0.697242
11 0.759617 0.515064 0.0290978 0.045925 0.675879
11 0.865847 0.553083 0.0328979 0.0454954 0.674049
11 0.392041 0.691941 0.0435673 0.0603004 0.669639
2 0.205482 0.692136 0.134873 0.123003 0.634367
2 0.473129 0.106072 0.115089 0.0996635 0.617217
11 0.692403 0.488544 0.0281157 0.0412327 0.60196
7 0.392296 0.691697 0.0432726 0.0602661 0.600829
2 0.0711847 0.909154 0.126923 0.105305 0.599925
2 0.597672 0.0659315 0.117593 0.128729 0.597357
2 0.0563314 0.981241 0.112663 0.0374647 0.576717
2 0.664247 0.0319018 0.116855 0.0637529 0.57567
2 0.906036 0.290509 0.0781956 0.0902939 0.549909
11 0.227398 0.993305 0.0385344 0.0133898 0.541513
2 0.340301 0.972263 0.120146 0.0554733 0.529378
2 0.264483 0.570416 0.140916 0.146484 0.497462
11 0.362566 0.741597 0.0303827 0.049678 0.49265
7 0.461816 0.912945 0.065059 0.0425159 0.469241
2 0.590103 0.509313 0.0967117 0.0859729 0.353938
2 0.980529 0.127689 0.0388535 0.146545 0.334886
2 0.628057 0.555076 0.188158 0.180722 0.319008
11 0.371905 0.943706 0.0481016 0.0390964 0.304149
2 0.627915 0.592896 0.188867 0.107514 0.274564
11 0.461453 0.912989 0.0652424 0.0439431 0.266176
2 0.760266 0.228627 0.150027 0.117087 0.256729
