2 0.373029 0.497922 0.214346 0.349613 0.910252
2 0.587249 0.919424 0.129515 0.13686 0.887332
2 0.284219 0.748627 0.155739 0.21338 0.863427
2 0.0895714 0.380693 0.179143 0.354308 0.851244
2 0.727022 0.732535 0.198418 0.187586 0.847803
11 0.628452 0.832735 0.0411156 0.0365024 0.821687
11 0.726725 0.893722 0.0424744 0.0365063 0.809247
11 0.430388 0.821285 0.0455578 0.041611 0.804446
2 0.542174 0.227765 0.312668 0.252282 0.79053
11 0.503635 0.532957 0.0362966 0.0515398 0.785384
11 0.149349 0.458438 0.030563 0.0438785 0.778304
11 0.716687 0.326378 0.0427363 0.0361075 0.775247
11 0.56143 0.75303 0.048773 0.0413142 0.771111
2 0.736177 0.983224 0.124138 0.0335518 0.769945
11 0.693096 0.368212 0.0402092 0.0336114 0.75905
2 0.919537 0.319099 0.160927 0.200945 0.7519
11 0.587059 0.807086 0.0458824 0.0378412 0.745565
11 0.743858 0.285566 0.0444187 0.0371891 0.736127
11 0.410827 0.733421 0.0341318 0.0411232 0.725846
11 0.134292 0.86096 0.0263281 0.0422134 0.719831
11 0.0128646 0.830695 0.0243966 0.0405685 0.716594
11 0.766882 0.91905 0.0366203 0.0316677 0.708477
11 0.206388 0.249739 0.0306038 0.0408851 0.706756
11 0.64104 0.456144 0.0473495 0.0401798 0.706309
11 0.667219 0.267289 0.0362319 0.0436938 0.69447
11 0.97472 0.496727 0.0384781 0.0386928 0.681287
11 0.75555 0.261366 0.0427212 0.0359057 0.64658
11 0.542421 0.627161 0.0502844 0.0393087 0.625794
11 0.107629 0.541811 0.0244694 0.034848 0.577431
11 0.749647 0.27746 0.0446697 0.040627 0.567033
7 0.714423 0.232936 0.0332666 0.0524187 0.554222
11 0.613315 0.508283 0.0489193 0.0427085 0.544186
11 0.804179 0.941551 0.0393334 0.0359274 0.520292
11 0.0795203 0.846967 0.0270309 0.0427246 0.516918
11 0.506066 0.696121 0.0409422 0.0346744 0.493165
2 0.95106 0.897075 0.09788 0.198654 0.491252
2 0.0278227 0.633988 0.0556454 0.227308 0.490791
11 0.622793 0.482917 0.0491016 0.0419223 0.464591
7 0.721207 0.222665 0.0468893 0.073109 0.46001
11 0.669069 0.854608 0.0401847 0.0347462 0.453409
11 0.475126 0.750266 0.0470766 0.0438433 0.444145
11 0.269933 0.335671 0.0470097 0.0329527 0.437554
11 0.548719 0.600677 0.0414919 0.0370466 0.426499
2 0.822043 0.532239 0.198125 0.289969 0.425957
11 0.578677 0.559096 0.046393 0.0395718 0.40078
3 0.878933 0.902372 0.0489401 0.0391017 0.373456
3 0.967113 0.0829898 0.065556 0.0660029 0.327933
11 0.645053 0.442051 0.0482736 0.051338 0.298627
2 0.598393 0.178769 0.212087 0.155673 0.291574
11 0.901381 0.990927 0.041305 0.0181454 0.265403
