11 0.825208 0.772913 0.049354 0.0372507 0.829519
11 0.84173 0.721755 0.0471456 0.0370662 0.807992
11 0.429849 0.899095 0.0483003 0.0334347 0.789879
11 0.910285 0.667282 0.053952 0.0382641 0.767974
11 0.78826 0.895221 0.049888 0.0330875 0.754583
11 0.790308 0.865083 0.0504795 0.0383881 0.748387
11 0.878411 0.794757 0.0487816 0.0357531 0.738917
11 0.721016 0.708362 0.0476 0.0313072 0.728607
11 0.728325 0.682236 0.0464761 0.036903 0.704238
7 0.851606 0.874867 0.0606267 0.0393062 0.672258
11 0.805779 0.816595 0.0479248 0.0373466 0.668314
11 0.360878 0.884289 0.0504377 0.0337032 0.651913
7 0.860337 0.840206 0.0626704 0.0391583 0.614787
11 0.8907 0.729635 0.0529557 0.034536 0.61137
11 0.894563 0.695611 0.0470175 0.0356102 0.601479
11 0.884746 0.76367 0.0476234 0.0370898 0.553647
6 0.964679 0.405706 0.0706415 0.054994 0.270046
