2 0.345257 0.682595 0.24381 0.297475 0.92418
2 0.682386 0.252079 0.235159 0.296297 0.916548
2 0.868024 0.430692 0.191751 0.22394 0.878321
11 0.694272 0.973196 0.0359092 0.0441044 0.847864
11 0.95211 0.157265 0.0461426 0.0418399 0.831545
11 0.849402 0.636817 0.0298046 0.038722 0.823972
11 0.728841 0.918634 0.0375343 0.0462088 0.816341
11 0.820697 0.682761 0.0315739 0.0350609 0.816333
11 0.0611075 0.932623 0.0359114 0.0409733 0.814999
2 0.604481 0.794888 0.353879 0.406205 0.806977
11 0.779169 0.842887 0.0321484 0.0381878 0.766251
11 0.0219032 0.825688 0.0301359 0.0378733 0.76166
2 0.897061 0.815194 0.205878 0.350965 0.758212
11 0.20687 0.518439 0.0418368 0.0467344 0.750761
11 0.102947 0.827193 0.0342778 0.0412205 0.749651
11 0.100437 0.22743 0.0372665 0.0416066 0.735208
11 0.0658731 0.673698 0.0331219 0.0437137 0.710128
2 0.285994 0.306159 0.571989 0.612318 0.70444
11 0.451992 0.215313 0.0396295 0.0357473 0.683748
2 0.796422 0.586419 0.146184 0.145585 0.677551
11 0.90324 0.561154 0.0276699 0.0334037 0.671922
11 0.340285 0.410682 0.0363224 0.0453186 0.670347
11 0.114798 0.642703 0.03854 0.0465093 0.663584
11 0.0402512 0.779097 0.0384522 0.04889 0.639657
7 0.248664 0.60553 0.041951 0.0492009 0.629301
2 0.592312 0.435521 0.155984 0.196005 0.619713
11 0.279387 0.429963 0.0353434 0.0389127 0.619366
7 0.811109 0.793835 0.0412346 0.0496019 0.618544
11 0.810724 0.794052 0.0402337 0.0497231 0.57556
11 0.362277 0.425932 0.0319402 0.0392364 0.575215
11 0.314811 0.394972 0.0377323 0.0451698 0.573269
11 0.0810377 0.812893 0.0370787 0.0480455 0.567827
11 0.186481 0.503312 0.0393394 0.0427169 0.54448
11 0.625435 0.984628 0.0261012 0.0264298 0.536807
11 0.986221 0.187831 0.0275576 0.0411498 0.523748
11 0.401824 0.32733 0.0323164 0.0388279 0.491452
11 0.388178 0.312537 0.0379088 0.0429148 0.482041
11 0.488224 0.179962 0.0370873 0.0308751 0.471268
2 0.0842587 0.0905624 0.168517 0.180954 0.470295
11 0.236326 0.1721 0.0368778 0.0350233 0.467267
11 0.438896 0.235477 0.0371426 0.0338439 0.379333
11 0.869309 0.701231 0.0420203 0.0507738 0.317436
11 0.262522 0.415423 0.0368794 0.0359365 0.287489
