2 0.589911 0.553364 0.129238 0.12871 0.850914
2 0.419981 0.210858 0.15314 0.1509 0.846225
2 0.0894135 0.946623 0.155793 0.106689 0.840774
11 0.724494 0.549786 0.0403198 0.0384081 0.817413
2 0.44388 0.372161 0.168756 0.149367 0.79072
7 0.0917657 0.319638 0.0507564 0.0522456 0.756172
2 0.0862126 0.837605 0.119758 0.116088 0.753164
2 0.892122 0.284108 0.133373 0.137403 0.678727
11 0.185903 0.225183 0.0438428 0.0473909 0.670124
2 0.0684693 0.143763 0.136939 0.237271 0.667788
2 0.142037 0.612368 0.138461 0.128963 0.655455
2 0.548574 0.263924 0.134698 0.115573 0.627097
2 0.412195 0.711085 0.183398 0.162995 0.611403
2 0.21368 0.785837 0.108238 0.10992 0.605058
11 0.856303 0.0661616 0.0384529 0.0415276 0.593294
2 0.758361 0.279089 0.138405 0.132199 0.571755
11 0.0177494 0.394559 0.0354014 0.039218 0.559371
2 0.498492 0.110567 0.112309 0.144305 0.559009
11 0.790697 0.0125545 0.0448373 0.0250724 0.542941
11 0.273395 0.958347 0.0419001 0.0419758 0.539548
2 0.162917 0.4889 0.12292 0.1251 0.534619
2 0.850893 0.180854 0.107092 0.0779948 0.522729
2 0.647859 0.0436466 0.129459 0.0870804 0.522004
2 0.961747 0.0814058 0.0765066 0.111448 0.390541
7 0.985706 0.303707 0.0285887 0.0428076 0.380929
2 0.274043 0.0295852 0.219519 0.05915 0.374678
11 0.349611 0.0568567 0.0442286 0.0411429 0.367095
11 0.985702 0.302785 0.0281412 0.043051 0.359783
11 0.486001 0.766258 0.0424873 0.0411209 0.337124
5 0.684569 0.846446 0.453873 0.306269 0.335041
2 0.758468 0.0989491 0.076946 0.0764022 0.334145
2 0.626301 0.128439 0.175912 0.171606 0.327144
2 0.913432 0.0655209 0.173136 0.131042 0.320667
2 0.0860904 0.674625 0.108688 0.101143 0.31633
11 0.312975 0.919467 0.0481717 0.0432717 0.311657
2 0.225186 0.895333 0.145219 0.104398 0.28347
2 0.0752572 0.66301 0.131021 0.1241 0.270773
2 0.0882412 0.682683 0.148871 0.155906 0.265962
2 0.669434 0.459899 0.175654 0.15889 0.254845
5 0.895715 0.603964 0.20857 0.476808 0.250484
