2 0.201356 0.27266 0.402713 0.299837 0.859421
7 0.355751 0.780678 0.0608319 0.0631973 0.848998
11 0.505082 0.910891 0.0344527 0.034548 0.801223
11 0.0692403 0.528088 0.0323993 0.0336282 0.769178
2 0.209809 0.913837 0.278361 0.170864 0.763834
2 0.0844412 0.834169 0.167795 0.297751 0.743549
2 0.788897 0.903249 0.196692 0.187525 0.67024
2 0.477575 0.57784 0.578202 0.53132 0.641663
2 0.479103 0.473696 0.576631 0.328659 0.564143
11 0.293564 0.652719 0.038064 0.0359832 0.552854
2 0.902634 0.834927 0.193913 0.311025 0.389092
2 0.541209 0.757851 0.212074 0.197742 0.254674
