7 0.171898 0.474102 0.0587829 0.0486319 0.888256
11 0.652628 0.774134 0.038546 0.0352817 0.826303
2 0.701509 0.0893359 0.160295 0.177199 0.814972
11 0.0812142 0.165345 0.0331326 0.0454722 0.80511
7 0.125026 0.0681052 0.0421553 0.0606692 0.769951
2 0.464844 0.812894 0.145141 0.149158 0.766293
7 0.793641 0.865374 0.0527303 0.0451225 0.745478
2 0.59656 0.883441 0.16325 0.161903 0.727127
2 0.12694 0.802049 0.132723 0.124606 0.722938
11 0.931165 0.949541 0.0571949 0.0503635 0.716481
3 0.252919 0.531281 0.0564606 0.0606037 0.705857
11 0.44531 0.707423 0.0492339 0.0396436 0.704227
6 0.810462 0.937883 0.0745495 0.0600762 0.6942
11 0.327708 0.571109 0.041159 0.0380232 0.689723
2 0.230558 0.273866 0.380466 0.321524 0.669179
2 0.397073 0.937119 0.174849 0.125699 0.640106
2 0.626752 0.604394 0.159121 0.181409 0.629673
11 0.0575017 0.210923 0.0246399 0.0311056 0.618287
2 0.586493 0.340945 0.172587 0.1784 0.616422
2 0.500525 0.50931 0.184457 0.225946 0.607523
2 0.222714 0.0755804 0.136799 0.130213 0.497505
2 0.0569654 0.04922 0.113805 0.09844 0.495413
2 0.809555 0.713354 0.164342 0.176079 0.454679
11 0.978166 0.983045 0.0419735 0.0334235 0.453259
2 0.0598393 0.641769 0.119053 0.302099 0.449985
11 0.368611 0.59541 0.0400553 0.0343666 0.443462
6 0.603717 0.739151 0.0703538 0.0603453 0.436026
2 0.0260567 0.153997 0.0521135 0.171781 0.415814
2 0.783426 0.239448 0.176373 0.207851 0.381522
2 0.359956 0.139458 0.126525 0.130555 0.368711
2 0.764569 0.204194 0.140022 0.138525 0.358789
2 0.951479 0.288958 0.0970415 0.272156 0.317372
2 0.386294 0.45768 0.128015 0.147697 0.315502
2 0.196972 0.646271 0.125347 0.119308 0.315035
2 0.921705 0.522927 0.155916 0.228629 0.313226
2 0.259799 0.715264 0.298783 0.257552 0.312159
2 0.319775 0.739554 0.209904 0.222378 0.307189
2 0.289032 0.692776 0.139372 0.127215 0.305548
2 0.0589964 0.597972 0.117993 0.213256 0.301255
2 0.290422 0.397743 0.15283 0.163709 0.297493
2 0.74313 0.951852 0.201137 0.0962965 0.289181
2 0.951459 0.850967 0.0970822 0.153405 0.278267
2 0.52494 0.169788 0.223974 0.293253 0.263104
7 0.607578 0.739961 0.0656614 0.0607249 0.260204
2 0.0976249 0.912396 0.194702 0.174147 0.256254
