11 0.0915749 0.735372 0.0475104 0.0306866 0.737536
11 0.090398 0.822591 0.0370811 0.0286758 0.697948
11 0.434632 0.509176 0.0418043 0.0288725 0.642776
11 0.395018 0.423876 0.0488062 0.0308793 0.639144
11 0.412235 0.453991 0.0542408 0.0309488 0.618456
11 0.439524 0.351048 0.0503134 0.0299117 0.616822
11 0.435802 0.398946 0.0435744 0.0273553 0.498804
11 0.538777 0.459661 0.053166 0.026087 0.481227
11 0.532911 0.527063 0.0473824 0.0297275 0.454537
11 0.542016 0.435297 0.0542221 0.032881 0.398947
7 0.564004 0.327552 0.0638072 0.0295137 0.33975
11 0.41666 0.539207 0.0434368 0.0221993 0.295482
