2 0.648652 0.900794 0.212863 0.137249 0.905214
2 0.677467 0.662105 0.132173 0.130471 0.85656
7 0.777556 0.747553 0.0575699 0.0362501 0.810591
11 0.184092 0.861347 0.0427583 0.0240101 0.74096
2 0.17556 0.944184 0.350995 0.111125 0.702456
11 0.985341 0.925707 0.0293179 0.0476937 0.695754
2 0.484441 0.930129 0.186161 0.139741 0.68253
2 0.0454746 0.681319 0.0907486 0.087192 0.672977
11 0.88386 0.856495 0.0447617 0.0521237 0.634246
2 0.519754 0.617552 0.357985 0.265618 0.621711
7 0.883213 0.856644 0.0446495 0.0523991 0.617826
11 0.720517 0.784041 0.0390993 0.0272947 0.616381
11 0.251001 0.877922 0.0432672 0.0223934 0.567434
11 0.462571 0.792285 0.0522638 0.0296826 0.548252
3 0.883752 0.807839 0.118084 0.0696857 0.499977
11 0.90436 0.904609 0.0323263 0.0377197 0.47564
2 0.0505898 0.774039 0.10118 0.103892 0.460582
2 0.331307 0.0332044 0.223575 0.0662247 0.384651
7 0.111387 0.89651 0.0741455 0.0338734 0.329278
2 0.616911 0.54617 0.152479 0.119535 0.312446
2 0.0221849 0.785522 0.043992 0.07846 0.308887
