2 0.534827 0.210946 0.181227 0.162392 0.918875
2 0.755515 0.122935 0.107272 0.115339 0.898409
2 0.474574 0.705173 0.119011 0.112001 0.879536
2 0.471867 0.41669 0.128927 0.117547 0.871647
2 0.874704 0.191597 0.11706 0.14103 0.851919
2 0.952781 0.0644184 0.0944377 0.10876 0.824041
2 0.553887 0.592044 0.134803 0.127631 0.821298
2 0.96619 0.290376 0.0674942 0.162467 0.744152
2 0.743921 0.911355 0.176029 0.164251 0.737173
2 0.18592 0.97438 0.143169 0.0512405 0.710309
4 0.0968414 0.298509 0.193508 0.59555 0.619729
11 0.947019 0.154494 0.031381 0.0463348 0.605833
2 0.240821 0.887674 0.125335 0.11346 0.599778
12 0.364557 0.635903 0.0845397 0.0729128 0.583485
3 0.429303 0.0730937 0.0813521 0.0631327 0.524049
2 0.375741 0.785956 0.0691535 0.108066 0.450654
2 0.431056 0.788605 0.176875 0.115076 0.384282
2 0.594329 0.522233 0.102572 0.0871739 0.278218
2 0.345519 0.651072 0.136491 0.107925 0.251821
