3 0.833202 0.0338627 0.0897673 0.0677253 0.860248
11 0.326492 0.929106 0.0443667 0.0459221 0.85446
2 0.235854 0.347533 0.18621 0.156162 0.817555
2 0.599417 0.121345 0.345169 0.240404 0.811656
11 0.266845 0.477752 0.0426446 0.0380324 0.791965
11 0.549441 0.343142 0.0509374 0.0442568 0.787914
11 0.589692 0.231934 0.0402754 0.037761 0.763827
11 0.68204 0.346094 0.0395205 0.0378692 0.754212
2 0.381615 0.251145 0.199577 0.181357 0.737462
11 0.459674 0.315015 0.0545171 0.047988 0.727137
11 0.636816 0.202911 0.0430725 0.0406919 0.723337
11 0.601758 0.311125 0.0421463 0.0378467 0.694527
3 0.0514642 0.689151 0.102928 0.107368 0.656532
11 0.674465 0.311232 0.0487996 0.0410929 0.647716
3 0.228028 0.498307 0.0675094 0.0871691 0.613864
11 0.34298 0.473183 0.055542 0.0452596 0.603611
2 0.295944 0.117544 0.204991 0.18082 0.431665
2 0.0981138 0.0677127 0.196228 0.135353 0.373647
2 0.222171 0.160969 0.349282 0.282832 0.347872
3 0.963745 0.00944072 0.07251 0.0187816 0.288541
2 0.145661 0.212408 0.198835 0.180734 0.28446
2 0.0292009 0.275222 0.0584018 0.206539 0.261635
3 0.960401 0.00712023 0.0772499 0.0141011 0.259943
