2 0.802698 0.619636 0.162385 0.137457 0.901179
2 0.348481 0.73455 0.15998 0.135555 0.900241
2 0.931294 0.342992 0.13505 0.116321 0.890104
2 0.384962 0.918512 0.157238 0.162369 0.874067
2 0.625808 0.483931 0.146733 0.134789 0.867814
3 0.965658 0.851174 0.0685143 0.0895687 0.85083
11 0.701471 0.857518 0.0473858 0.043903 0.846511
3 0.813455 0.935007 0.0708477 0.0827394 0.842582
3 0.872495 0.868904 0.0724196 0.0804863 0.817289
2 0.52861 0.33261 0.152446 0.137337 0.806273
11 0.402764 0.105589 0.0258774 0.0469918 0.797606
2 0.950118 0.228483 0.0997648 0.112112 0.783645
2 0.583043 0.237441 0.184546 0.147563 0.773623
2 0.832779 0.492048 0.131512 0.1336 0.77087
2 0.0633047 0.617057 0.126352 0.126575 0.751213
11 0.635573 0.799224 0.046922 0.040898 0.711379
2 0.936426 0.0946811 0.127059 0.162233 0.705634
2 0.263423 0.0240578 0.101721 0.0479186 0.660973
2 0.269278 0.13931 0.150935 0.110091 0.636327
11 0.140653 0.965752 0.0244944 0.0425007 0.557523
2 0.0438563 0.792988 0.0876766 0.246082 0.411073
11 0.220744 0.312852 0.0393965 0.0405878 0.343022
2 0.0812698 0.447497 0.162121 0.215791 0.274031
2 0.0451644 0.73231 0.0903288 0.125268 0.263102
2 0.872218 0.419932 0.120774 0.0940008 0.256063
