2 0.756827 0.777874 0.139615 0.149543 0.906251
2 0.154244 0.715964 0.128201 0.198847 0.866279
11 0.405823 0.25126 0.0384912 0.031639 0.864011
2 0.791068 0.0514188 0.144584 0.102838 0.863572
2 0.841747 0.65077 0.151348 0.182137 0.835677
2 0.67429 0.0836976 0.117723 0.105662 0.827254
11 0.608355 0.757236 0.0282087 0.045851 0.811014
2 0.403305 0.180008 0.206821 0.149447 0.802564
11 0.587459 0.70491 0.0270195 0.0420748 0.802159
11 0.655868 0.791953 0.0288715 0.0452344 0.799454
7 0.331233 0.780491 0.0325355 0.0595863 0.784838
11 0.611084 0.680139 0.0267058 0.0408001 0.784208
3 0.235622 0.260723 0.121961 0.0598784 0.779213
7 0.49708 0.223468 0.0569458 0.0401839 0.775382
2 0.91686 0.190546 0.0752211 0.106441 0.766529
11 0.659868 0.160839 0.0410725 0.033323 0.766223
2 0.789754 0.982996 0.109969 0.0340085 0.765273
11 0.538746 0.5998 0.0237183 0.0377341 0.760456
2 0.0686279 0.286581 0.137256 0.197854 0.756423
2 0.77001 0.886588 0.13334 0.0886326 0.753637
7 0.360312 0.297671 0.0608683 0.0400551 0.749972
2 0.516624 0.975057 0.127847 0.0498869 0.743472
11 0.32555 0.725613 0.0248539 0.0436898 0.740481
11 0.568482 0.639037 0.0268581 0.0415956 0.738038
3 0.232482 0.514509 0.0624741 0.045473 0.714678
11 0.811734 0.146427 0.0510379 0.0327661 0.708595
2 0.403116 0.516243 0.105379 0.0874623 0.691593
11 0.637513 0.904355 0.0297465 0.0385983 0.66177
2 0.966552 0.458578 0.0668952 0.0698215 0.648719
11 0.911964 0.111559 0.0455921 0.0309589 0.64199
2 0.899651 0.775833 0.0863499 0.0916916 0.637516
2 0.830172 0.260481 0.106042 0.133691 0.630649
11 0.696179 0.907375 0.0297853 0.0455784 0.622475
11 0.605299 0.180848 0.0398378 0.0318823 0.615845
2 0.958027 0.915085 0.0838505 0.107221 0.600894
2 0.0470432 0.0652073 0.0938353 0.130383 0.571228
11 0.808643 0.115371 0.0408737 0.0330908 0.562182
7 0.342098 0.847171 0.0344635 0.061285 0.559679
11 0.557083 0.670668 0.0273789 0.0409804 0.55772
2 0.88314 0.909775 0.0786251 0.0771637 0.546179
11 0.598561 0.637361 0.0278795 0.0387127 0.52607
7 0.305209 0.280925 0.0438293 0.0411094 0.523136
2 0.532077 0.132049 0.0829966 0.102006 0.507232
11 0.558196 0.197721 0.0452186 0.0361815 0.476787
2 0.663029 0.543081 0.171369 0.182772 0.470368
2 0.485618 0.371998 0.176857 0.132346 0.438512
11 0.965812 0.0955947 0.0449262 0.0322521 0.412618
2 0.344064 0.0577569 0.0902784 0.114678 0.401005
2 0.784155 0.348393 0.108892 0.130673 0.389219
11 0.364019 0.265985 0.0447844 0.0341929 0.381891
2 0.686157 0.533246 0.221622 0.199192 0.366539
11 0.565472 0.588061 0.0316608 0.0494454 0.362268
2 0.500334 0.79036 0.206852 0.240839 0.348273
2 0.921034 0.571822 0.0770662 0.0879007 0.333295
2 0.989566 0.293477 0.0208664 0.110751 0.327416
2 0.585782 0.310593 0.114338 0.117063 0.322605
2 0.454911 0.385016 0.117836 0.106688 0.288299
2 0.976031 0.981517 0.0479387 0.0363312 0.282491
2 0.87773 0.0125828 0.0874661 0.0251656 0.263735
2 0.930595 0.306531 0.101892 0.106023 0.252615
2 0.872703 0.416779 0.172831 0.118234 0.25137
