2 0.125628 0.860741 0.251256 0.27837 0.721349
2 0.913902 0.0497859 0.170549 0.0995718 0.693162
2 0.603626 0.102406 0.293356 0.203921 0.684168
2 0.666616 0.725778 0.41463 0.548444 0.668342
2 0.772263 0.0418505 0.125081 0.083701 0.61562
2 0.184409 0.368295 0.217127 0.378143 0.487897
2 0.948709 0.21722 0.102482 0.172005 0.399834
2 0.920658 0.614969 0.158684 0.310408 0.323002
2 0.0886436 0.0948684 0.164492 0.1893 0.312765
2 0.264133 0.979993 0.20095 0.0398693 0.299203
2 0.0779108 0.171743 0.155418 0.343194 0.298424
2 0.0611748 0.574332 0.122216 0.0995478 0.262558
2 0.919611 0.546563 0.160779 0.450049 0.251337
