2 0.313433 0.713085 0.225878 0.167844 0.94576
2 0.505401 0.871586 0.164549 0.19677 0.884573
2 0.603561 0.656091 0.124983 0.091641 0.826065
11 0.84663 0.893542 0.0265314 0.0422252 0.795919
2 0.691291 0.935766 0.108722 0.0730663 0.781934
11 0.405539 0.0207019 0.0364475 0.0413974 0.781803
11 0.145803 0.160021 0.0331301 0.0456783 0.773057
2 0.568342 0.55558 0.131719 0.120252 0.761477
2 0.08447 0.813082 0.109758 0.136161 0.749722
2 0.0787817 0.940847 0.152005 0.118306 0.737022
2 0.924353 0.454821 0.105759 0.142281 0.736238
11 0.481384 0.200442 0.0418675 0.0473814 0.727112
11 0.111404 0.252488 0.0260983 0.0370746 0.715518
2 0.939562 0.932976 0.120875 0.134047 0.714188
11 0.599181 0.265033 0.0399832 0.0425457 0.691128
11 0.556621 0.295324 0.0366854 0.0417089 0.67823
11 0.792314 0.894053 0.025848 0.0389223 0.657363
2 0.856946 0.575221 0.15758 0.112865 0.610153
2 0.737784 0.216092 0.231251 0.217558 0.608109
11 0.184199 0.06382 0.0326219 0.0473052 0.592276
11 0.267195 0.578059 0.0396354 0.0218137 0.577346
2 0.913563 0.749633 0.172506 0.169838 0.567374
11 0.580509 0.327522 0.0266587 0.0288539 0.51812
3 0.181524 0.0129562 0.0843443 0.0259124 0.505039
2 0.716189 0.981987 0.101616 0.0360257 0.485964
2 0.541555 0.058986 0.236282 0.117931 0.480244
2 0.116765 0.681942 0.116578 0.0936996 0.46601
2 0.730609 0.0253871 0.087542 0.0507741 0.424267
2 0.279593 0.280268 0.312802 0.472963 0.422753
11 0.431955 0.0564051 0.0331501 0.0401892 0.417198
11 0.514248 0.241674 0.0378878 0.0402474 0.380418
2 0.372285 0.45063 0.0941272 0.0958226 0.376196
11 0.525948 0.175297 0.0364869 0.0333045 0.358271
2 0.7841 0.379495 0.141035 0.176859 0.323014
2 0.498485 0.304364 0.224007 0.255391 0.319866
2 0.367606 0.276851 0.49439 0.47551 0.317206
11 0.750562 0.756572 0.0305604 0.0398948 0.28449
11 0.0873949 0.587455 0.0390244 0.0219558 0.272577
