11 0.548062 0.309538 0.037967 0.0549601 0.862183
11 0.481151 0.113564 0.0344652 0.0514753 0.839023
3 0.918502 0.433714 0.0945696 0.0702983 0.836069
11 0.425349 0.114044 0.0307909 0.0474187 0.822347
11 0.499114 0.337529 0.0383785 0.0503098 0.816971
11 0.128867 0.464445 0.0395465 0.046018 0.814863
11 0.278142 0.61354 0.0426012 0.0493369 0.805959
3 0.447843 0.66242 0.0815321 0.0753499 0.797156
11 0.302992 0.189264 0.0261823 0.0469324 0.783874
11 0.338295 0.928382 0.04739 0.0419041 0.768486
11 0.566575 0.389804 0.0303523 0.0429895 0.76564
11 0.395356 0.365735 0.0316518 0.0526764 0.753667
11 0.201031 0.515848 0.0381284 0.0442926 0.75012
3 0.364961 0.711068 0.0734519 0.0659417 0.735879
6 0.208842 0.967772 0.118332 0.0643675 0.711012
11 0.0477131 0.354875 0.0427098 0.0508031 0.710414
2 0.188787 0.0571741 0.237051 0.114348 0.698482
11 0.198147 0.553559 0.0330575 0.0394228 0.695146
11 0.228053 0.590666 0.0352769 0.0399376 0.694389
11 0.0852659 0.400105 0.038887 0.0460724 0.665329
11 0.354301 0.157881 0.0335456 0.0538822 0.556208
11 0.0911283 0.362148 0.0372346 0.0451589 0.538577
11 0.428867 0.540705 0.0354813 0.0542429 0.520153
2 0.164933 0.168326 0.207763 0.133436 0.50308
2 0.960949 0.218791 0.0781013 0.226904 0.487724
2 0.17925 0.22643 0.230816 0.246435 0.487646
11 0.817568 0.0443951 0.0368574 0.0440476 0.468601
11 0.309618 0.0133416 0.0324794 0.0264915 0.460252
11 0.160239 0.508264 0.0385221 0.0432752 0.443222
11 0.14719 0.354576 0.0268159 0.0295647 0.439959
2 0.925819 0.166964 0.148318 0.33361 0.390074
2 0.0251361 0.89282 0.0502722 0.214361 0.377942
11 0.0885596 0.386817 0.0384702 0.0412152 0.313275
