2 0.157638 0.50792 0.194159 0.156567 0.926016
2 0.344535 0.649664 0.0975567 0.0965803 0.886443
2 0.0644946 0.0970368 0.128989 0.0898912 0.878577
2 0.85559 0.422661 0.133495 0.118915 0.870308
2 0.865023 0.615138 0.150028 0.137949 0.862568
11 0.142942 0.68321 0.0443621 0.0412054 0.850199
2 0.517205 0.943626 0.137656 0.11222 0.844677
2 0.05201 0.925261 0.10362 0.148046 0.82624
11 0.947886 0.777441 0.0409995 0.0363236 0.813574
2 0.458705 0.678085 0.126333 0.129712 0.803333
2 0.607762 0.523142 0.0968771 0.101297 0.786663
2 0.70743 0.249601 0.153204 0.0965034 0.77776
11 0.118042 0.822509 0.034737 0.0459637 0.774249
2 0.945963 0.275889 0.106931 0.0897552 0.765088
2 0.267208 0.263167 0.138432 0.188824 0.746168
3 0.802596 0.7876 0.069545 0.0578494 0.745585
11 0.236497 0.619854 0.0455439 0.0414137 0.710722
2 0.735229 0.439801 0.107262 0.115823 0.680903
11 0.0888357 0.721314 0.039569 0.0370661 0.662611
2 0.514053 0.582928 0.152224 0.13365 0.62372
2 0.83028 0.973776 0.144731 0.0524489 0.599201
2 0.912653 0.516435 0.108479 0.105855 0.592754
2 0.223294 0.119281 0.111947 0.0682383 0.587342
11 0.43989 0.479244 0.0440575 0.0357697 0.579429
3 0.335904 0.574266 0.0526959 0.0620336 0.548822
2 0.689103 0.507933 0.108857 0.122915 0.547654
11 0.90808 0.806025 0.0408039 0.0401965 0.519952
11 0.992845 0.728486 0.0143107 0.0412606 0.515985
7 0.82729 0.854953 0.0784988 0.053167 0.474728
2 0.482823 0.374416 0.132458 0.126394 0.469555
7 0.840392 0.846529 0.0520757 0.035088 0.466049
2 0.108137 0.210715 0.153285 0.104741 0.424478
2 0.289549 0.806223 0.181353 0.164921 0.422756
11 0.798119 0.837636 0.0448553 0.0390402 0.415706
11 0.682143 0.962083 0.0445709 0.0429644 0.395023
2 0.0442662 0.280131 0.0885323 0.109254 0.372223
2 0.314423 0.791204 0.132578 0.133673 0.327016
11 0.604777 0.373678 0.0407886 0.0340262 0.314741
11 0.806773 0.689735 0.0284077 0.0453247 0.313089
2 0.497626 0.317601 0.194909 0.240144 0.30447
2 0.799594 0.97411 0.213601 0.0515126 0.27837
