2 0.470545 0.86678 0.140463 0.115182 0.894864
2 0.737939 0.521272 0.145414 0.148586 0.883496
2 0.0707835 0.0466195 0.137102 0.093239 0.87604
2 0.29491 0.869765 0.124854 0.154487 0.874968
2 0.691222 0.0769329 0.134967 0.116452 0.872686
11 0.622415 0.767169 0.0466746 0.0320151 0.872181
11 0.280481 0.712416 0.0507161 0.0359088 0.855949
2 0.0965825 0.801214 0.102403 0.101111 0.850256
2 0.189992 0.830868 0.097429 0.135421 0.844369
11 0.526661 0.753383 0.0461607 0.0318316 0.84306
2 0.137229 0.304422 0.109567 0.070174 0.829474
6 0.792871 0.874138 0.0640341 0.125722 0.824024
11 0.885518 0.55631 0.0270779 0.0499765 0.821213
11 0.100411 0.687852 0.0469882 0.0308033 0.812509
2 0.930963 0.937005 0.138073 0.125991 0.804098
7 0.619965 0.446667 0.0280972 0.0493494 0.803534
2 0.730944 0.640901 0.1144 0.117596 0.802329
11 0.869945 0.725661 0.0314506 0.0485804 0.798172
2 0.194647 0.553413 0.100823 0.127938 0.788423
11 0.948271 0.506379 0.0292927 0.0478843 0.783882
2 0.597689 0.641476 0.108461 0.104307 0.782504
2 0.397918 0.618875 0.0937913 0.0843178 0.76718
2 0.523471 0.251999 0.126757 0.120632 0.758398
7 0.807764 0.926748 0.0361381 0.0509766 0.746485
11 0.835645 0.721494 0.0309826 0.0451399 0.744135
2 0.189234 0.0233848 0.112296 0.0467696 0.730065
11 0.679306 0.778234 0.0544817 0.0305132 0.725148
11 0.859257 0.646696 0.0293394 0.0496194 0.722106
11 0.898747 0.502339 0.0276808 0.0439966 0.71588
2 0.492075 0.0924593 0.090023 0.138254 0.708436
11 0.970859 0.0118489 0.0456158 0.0236978 0.705967
2 0.678204 0.907276 0.106028 0.119866 0.704415
2 0.656599 0.97561 0.0919672 0.04878 0.694658
11 0.0175401 0.675255 0.0350802 0.0331259 0.693462
7 0.949004 0.82291 0.057025 0.0310009 0.675892
2 0.0248176 0.800782 0.049426 0.102095 0.662848
11 0.430994 0.738706 0.043951 0.0298613 0.661078
11 0.786933 0.400471 0.0306426 0.0431413 0.649896
11 0.0569758 0.683805 0.0414152 0.0291809 0.636099
7 0.614599 0.335425 0.0358943 0.0620654 0.629205
2 0.48957 0.643132 0.0978676 0.0909054 0.623642
11 0.906342 0.257992 0.0468165 0.0324911 0.580116
11 0.836178 0.841311 0.0286572 0.0454151 0.575789
2 0.972664 0.673552 0.0544937 0.126768 0.560168
11 0.152609 0.698304 0.051495 0.0368358 0.539162
11 0.836399 0.415264 0.0319946 0.0440656 0.527206
2 0.0925299 0.586572 0.0791758 0.0542442 0.523635
2 0.0149265 0.168078 0.029853 0.0832263 0.491959
11 0.99153 0.327317 0.0169405 0.0517643 0.445894
11 0.47809 0.745806 0.0490558 0.0327637 0.434822
2 0.291725 0.592396 0.10027 0.109552 0.431283
2 0.909361 0.130802 0.14984 0.129752 0.427147
2 0.399228 0.0095221 0.109815 0.0189854 0.328897
11 0.302809 0.77997 0.0363457 0.0211719 0.279682
11 0.859463 0.419151 0.0293934 0.0414312 0.269414
2 0.292885 0.0248925 0.0858743 0.0497851 0.256874
