2 0.366493 0.253926 0.152064 0.149855 0.931034
2 0.0873286 0.654188 0.133421 0.133037 0.916966
2 0.821969 0.765094 0.331943 0.469813 0.862264
2 0.710081 0.428268 0.152998 0.132479 0.858515
2 0.142579 0.0688341 0.144767 0.137668 0.829092
11 0.0252102 0.428311 0.0338038 0.0427733 0.818562
11 0.95614 0.477548 0.0300858 0.0487055 0.795303
3 0.855486 0.325193 0.0532214 0.0617077 0.792128
11 0.106015 0.321686 0.0386936 0.0435564 0.790819
3 0.313652 0.0244322 0.0844909 0.0487948 0.778219
3 0.852012 0.0712176 0.0867218 0.0699514 0.759686
2 0.0446042 0.793534 0.0887661 0.154808 0.7491
11 0.233665 0.1851 0.0397253 0.0480226 0.740584
2 0.568888 0.03501 0.122008 0.0696946 0.738067
11 0.0731224 0.410944 0.0382448 0.0465618 0.725713
2 0.196047 0.444804 0.13378 0.207702 0.715886
2 0.359312 0.465492 0.0762854 0.100772 0.715215
2 0.965896 0.0733304 0.0682085 0.145674 0.711682
11 0.699182 0.156566 0.0599238 0.0416047 0.710518
11 0.927191 0.461674 0.0317269 0.044704 0.682189
2 0.0701995 0.151485 0.140356 0.111322 0.601529
3 0.409504 0.0108825 0.0759902 0.0217649 0.54806
2 0.547854 0.330668 0.187315 0.179971 0.508033
11 0.327786 0.0780013 0.0515545 0.0439759 0.48634
2 0.50202 0.577744 0.131985 0.125517 0.421518
2 0.45463 0.692439 0.241075 0.374859 0.406116
2 0.505628 0.290215 0.102461 0.106124 0.403284
2 0.573415 0.336342 0.13797 0.169186 0.383799
3 0.319791 0.0907884 0.0654787 0.0704242 0.37921
2 0.0235948 0.012627 0.0471897 0.0251313 0.377924
2 0.447503 0.706761 0.136547 0.134212 0.37139
7 0.698822 0.156253 0.0589555 0.0431004 0.364435
11 0.773683 0.293558 0.0465189 0.0424129 0.354193
11 0.995565 0.405224 0.00887012 0.0434383 0.303146
2 0.0257765 0.319245 0.0514172 0.202792 0.259442
