11 0.46954 0.753816 0.0448664 0.0437439 0.858195
11 0.452771 0.813054 0.0412014 0.0390963 0.854528
11 0.329855 0.720675 0.0433475 0.04301 0.843881
11 0.729663 0.202554 0.0381313 0.0591581 0.83527
11 0.786002 0.78402 0.0310037 0.0484644 0.832543
11 0.832368 0.884825 0.0353983 0.048272 0.831312
11 0.670563 0.296736 0.0336642 0.0498476 0.822966
11 0.767995 0.646684 0.0294144 0.0471754 0.819531
11 0.187811 0.60401 0.038507 0.0406891 0.819087
11 0.679806 0.362735 0.0349836 0.0534129 0.814196
7 0.68394 0.104816 0.0437963 0.0630102 0.810243
11 0.661301 0.0475544 0.0303711 0.0474655 0.797388
11 0.606319 0.35849 0.033984 0.0492074 0.791181
6 0.767507 0.541896 0.0447151 0.104531 0.787995
11 0.826011 0.253583 0.0301085 0.0446699 0.784771
11 0.365575 0.0572737 0.037856 0.0580749 0.779379
11 0.639375 0.246066 0.0330036 0.0546534 0.778947
11 0.580594 0.0187788 0.0330063 0.0375575 0.76969
6 0.0478687 0.100732 0.0955925 0.06682 0.768425
11 0.769226 0.066712 0.0317713 0.0474989 0.756227
11 0.737936 0.0513015 0.0315029 0.0481719 0.75548
11 0.439059 0.467081 0.0368538 0.0557319 0.754755
11 0.085271 0.538168 0.0455458 0.0392769 0.709149
7 0.623222 0.431982 0.0501846 0.0794818 0.707204
6 0.711063 0.034617 0.0500783 0.0691345 0.69084
6 0.5561 0.517278 0.0818048 0.166521 0.677553
11 0.358288 0.488354 0.0268886 0.036671 0.663136
7 0.364495 0.935909 0.040589 0.0601982 0.648894
6 0.186695 0.94507 0.0744979 0.10986 0.6192
7 0.805083 0.377914 0.035321 0.0594629 0.607494
7 0.549559 0.386885 0.0384915 0.0574876 0.602118
11 0.596837 0.249125 0.0315663 0.0441221 0.591628
11 0.986634 0.70797 0.0262687 0.0287988 0.539233
11 0.0489332 0.435727 0.0524584 0.05382 0.520071
11 0.68327 0.985241 0.0447623 0.0295178 0.499803
7 0.0489453 0.435219 0.0516835 0.054681 0.458778
11 0.85593 0.154307 0.0351589 0.04132 0.420514
11 0.804643 0.377479 0.0353636 0.0584379 0.412705
11 0.746165 0.994761 0.0380936 0.0104786 0.358501
