2 0.802335 0.102209 0.301428 0.203366 0.901392
2 0.197586 0.15706 0.357098 0.277238 0.776575
2 0.656579 0.498804 0.67721 0.260668 0.775984
2 0.518045 0.146246 0.317089 0.213312 0.68914
2 0.573756 0.903028 0.362213 0.176246 0.68397
2 0.172235 0.743751 0.34447 0.189558 0.614141
2 0.826924 0.85475 0.109217 0.0838157 0.444977
2 0.159244 0.529123 0.315284 0.214764 0.431734
2 0.139825 0.0342651 0.181083 0.0684472 0.376005
2 0.069309 0.739272 0.138618 0.203642 0.33125
2 0.239823 0.732787 0.209279 0.141598 0.306352
