2 0.227371 0.868813 0.30453 0.261895 0.865304
11 0.142409 0.644794 0.0466874 0.0362479 0.850525
11 0.0911703 0.657288 0.0409152 0.0341631 0.835235
11 0.188616 0.633149 0.0419224 0.0317332 0.826972
11 0.24474 0.617918 0.0491585 0.0340352 0.823879
11 0.100134 0.159701 0.0227404 0.0426842 0.818771
11 0.262394 0.108266 0.0503293 0.0325365 0.815297
2 0.543287 0.788494 0.148287 0.14496 0.808643
11 0.0392729 0.672542 0.043392 0.0327503 0.782399
11 0.120086 0.0229534 0.0466798 0.0276743 0.764087
11 0.425292 0.808229 0.0310984 0.0468209 0.744628
2 0.108187 0.426445 0.216375 0.271878 0.725685
7 0.302272 0.243419 0.0555321 0.0340361 0.725412
11 0.0215955 0.446789 0.0431909 0.0346606 0.707757
11 0.325196 0.329105 0.0398082 0.032632 0.698604
11 0.280343 0.49106 0.0283392 0.0447628 0.696565
11 0.398125 0.575506 0.0345094 0.0364565 0.693115
11 0.406065 0.60415 0.0340618 0.0359222 0.664555
11 0.360093 0.438444 0.0389305 0.038526 0.642466
11 0.388473 0.98057 0.0282728 0.0382874 0.640007
5 0.789656 0.51872 0.420689 0.937603 0.638071
11 0.36966 0.461898 0.0315778 0.0330349 0.54156
7 0.270278 0.556249 0.0320035 0.0545746 0.530205
11 0.0318578 0.675139 0.0566734 0.0341499 0.501867
11 0.0230154 0.592713 0.0441791 0.0300808 0.452186
11 0.232849 0.445128 0.039378 0.0286661 0.4457
11 0.289706 0.200217 0.0466935 0.0319964 0.441828
11 0.0535237 0.836028 0.0462951 0.0331642 0.439295
11 0.00991584 0.682289 0.0198317 0.02662 0.416431
11 0.0709033 0.897671 0.044117 0.0357727 0.412355
11 0.270166 0.558318 0.030976 0.0542908 0.389708
11 0.274518 0.151451 0.0500072 0.033717 0.373353
11 0.151611 0.122692 0.0450953 0.0290145 0.361759
11 0.3781 0.940252 0.0235811 0.0282993 0.349798
7 0.0474637 0.808765 0.0469671 0.0335179 0.346357
11 0.372069 0.537109 0.039552 0.0314411 0.33553
11 0.282652 0.1745 0.0457327 0.0345068 0.331156
11 0.383774 0.970996 0.0290074 0.0488304 0.300009
2 0.404865 0.021909 0.385448 0.0438181 0.289704
11 0.239868 0.469854 0.0468886 0.0285589 0.278079
7 0.0710106 0.898053 0.0435515 0.0350645 0.276937
