2 0.332455 0.171592 0.246247 0.232786 0.953048
2 0.835165 0.82491 0.176623 0.178138 0.934362
2 0.836104 0.189665 0.210987 0.166822 0.926622
2 0.0831717 0.459354 0.145088 0.146645 0.910959
2 0.568648 0.726784 0.146392 0.139695 0.885775
2 0.618276 0.485573 0.156477 0.149596 0.883751
2 0.153707 0.346637 0.0976244 0.120409 0.86442
2 0.491793 0.902277 0.132294 0.127095 0.832997
2 0.878373 0.0446127 0.116797 0.0892254 0.812352
2 0.569487 0.60149 0.135473 0.134255 0.809571
2 0.692017 0.0439771 0.195218 0.0879542 0.809478
11 0.624843 0.969267 0.0357974 0.0481426 0.798998
2 0.862741 0.95611 0.220993 0.0877438 0.732091
11 0.642702 0.930219 0.028382 0.0391096 0.677513
11 0.0462308 0.21073 0.0394119 0.0489668 0.615829
3 0.987644 0.293454 0.0247112 0.144403 0.572862
2 0.534005 0.818608 0.128461 0.108679 0.524146
2 0.379543 0.959296 0.130628 0.0813385 0.441927
3 0.114432 0.0158017 0.102092 0.0315456 0.404262
3 0.989166 0.27103 0.0216682 0.102538 0.402513
11 0.0685166 0.1764 0.0337462 0.0349508 0.386395
2 0.0221578 0.727387 0.0441894 0.0971678 0.309654
11 0.596757 0.994584 0.0384331 0.0108326 0.265797
2 0.473736 0.987319 0.0951115 0.0252901 0.258573
