2 0.11363 0.416751 0.163231 0.189938 0.924142
2 0.751506 0.837984 0.118747 0.112431 0.90998
2 0.305921 0.726482 0.113714 0.0949151 0.902099
2 0.303753 0.611004 0.113456 0.121708 0.877642
11 0.862264 0.789519 0.0247642 0.0447117 0.834312
11 0.606843 0.193708 0.0314023 0.0442494 0.832509
2 0.0486791 0.962428 0.0973582 0.0747955 0.827813
2 0.278418 0.145576 0.297923 0.291152 0.817172
2 0.534459 0.786669 0.111438 0.145784 0.812146
11 0.437723 0.594976 0.0305134 0.0437685 0.800253
2 0.379218 0.458905 0.112024 0.112128 0.797549
11 0.916138 0.22454 0.02552 0.0458084 0.797156
2 0.176332 0.877765 0.114116 0.159816 0.793413
11 0.315519 0.886499 0.0307929 0.0444061 0.78838
11 0.850741 0.232403 0.0498566 0.0322721 0.753751
3 0.863749 0.967419 0.0805071 0.0401402 0.747087
2 0.476328 0.889377 0.0855417 0.120366 0.730069
2 0.622526 0.672083 0.0808453 0.0954204 0.727892
11 0.817497 0.463563 0.0481425 0.032602 0.726965
11 0.393203 0.700963 0.0325009 0.0449414 0.705543
11 0.765323 0.582394 0.0200302 0.0449619 0.703485
11 0.900994 0.398963 0.0283348 0.0545269 0.701374
11 0.8153 0.495399 0.0524992 0.0298195 0.698702
2 0.501492 0.0959696 0.144518 0.117306 0.69719
11 0.823595 0.0321459 0.0299845 0.0473351 0.689502
7 0.378355 0.87353 0.0347981 0.0472863 0.682193
11 0.865057 0.0473514 0.0282387 0.0490873 0.679662
2 0.0752518 0.0900833 0.150504 0.179329 0.677538
2 0.510241 0.0108206 0.099798 0.021465 0.669778
11 0.677697 0.0224679 0.0304292 0.037022 0.666227
2 0.1957 0.981264 0.0955983 0.037472 0.625404
2 0.667756 0.435095 0.154894 0.115821 0.595584
3 0.935194 0.146433 0.0572888 0.0433451 0.543963
2 0.0384478 0.696521 0.0768542 0.0816854 0.539424
7 0.743197 0.0147682 0.0369209 0.0294819 0.507174
11 0.421592 0.761425 0.0278799 0.0416582 0.492968
11 0.825564 0.34915 0.0508949 0.0304584 0.491842
11 0.825637 0.405919 0.0479504 0.0320278 0.463858
2 0.485843 0.260151 0.14509 0.0884095 0.445694
7 0.828403 0.301541 0.0693817 0.0323881 0.445371
2 0.0174798 0.597825 0.0349596 0.100909 0.437009
11 0.34918 0.939586 0.0239041 0.0351906 0.436823
7 0.820362 0.378749 0.0610378 0.0289608 0.42274
11 0.782222 0.0168482 0.0305361 0.0336247 0.396134
3 0.441298 0.672863 0.0626959 0.0447332 0.389595
11 0.655538 0.988458 0.0455696 0.0230823 0.344204
7 0.780845 0.0166986 0.0299939 0.0332577 0.318064
2 0.95363 0.391562 0.0920452 0.783124 0.315821
7 0.824079 0.348844 0.0548282 0.0299391 0.293716
11 0.851423 0.921439 0.0294476 0.054195 0.293716
