3 0.1846 0.0214495 0.109422 0.0428989 0.825232
2 0.284878 0.942638 0.141907 0.114202 0.780801
11 0.215582 0.174413 0.0408109 0.0314707 0.728965
11 0.444868 0.969976 0.0380749 0.0422734 0.701213
11 0.188038 0.745144 0.0427213 0.0294387 0.68303
2 0.84694 0.52853 0.306059 0.365224 0.668451
11 0.216359 0.202019 0.0389528 0.0282646 0.647666
11 0.451124 0.939507 0.038286 0.0420275 0.632382
11 0.187462 0.718745 0.0392641 0.0271252 0.630906
2 0.0267996 0.569728 0.0529567 0.395754 0.620577
11 0.187672 0.815745 0.0419223 0.0333475 0.558477
2 0.519662 0.5362 0.286417 0.729024 0.526084
11 0.213517 0.248729 0.0451493 0.027642 0.495596
2 0.0354277 0.149168 0.0708278 0.269649 0.495275
11 0.731606 0.208732 0.0317774 0.022134 0.484961
11 0.185061 0.694779 0.0421583 0.0275961 0.47944
2 0.307642 0.722197 0.116882 0.138672 0.35962
2 0.564499 0.197237 0.238101 0.209409 0.311459
11 0.185842 0.701411 0.0401931 0.0338599 0.289826
11 0.187865 0.72582 0.0412853 0.0256783 0.26812
11 0.179225 0.994144 0.0411044 0.0117117 0.261897
2 0.977009 0.814299 0.0455892 0.169547 0.256142
