2 0.516265 0.545546 0.107788 0.0890369 0.819723
2 0.885633 0.188542 0.139536 0.151949 0.811968
2 0.965809 0.371052 0.0683821 0.116455 0.808934
2 0.746024 0.406569 0.127969 0.115288 0.79862
2 0.877618 0.559332 0.106067 0.0990256 0.788707
2 0.460351 0.867147 0.181434 0.195113 0.755521
11 0.109662 0.710065 0.0298772 0.0371166 0.749734
2 0.725412 0.495155 0.122619 0.113888 0.745507
2 0.97219 0.693047 0.0554462 0.144483 0.737689
11 0.323273 0.977866 0.0319778 0.0395138 0.736391
11 0.286105 0.951098 0.0353887 0.0462173 0.734258
11 0.837968 0.737431 0.0476883 0.033904 0.727353
11 0.168703 0.739689 0.0345778 0.0405135 0.723934
2 0.773586 0.83495 0.129159 0.102879 0.717488
11 0.030419 0.917621 0.0338581 0.0445479 0.710227
11 0.243504 0.931028 0.0348729 0.0404444 0.693137
2 0.368415 0.599116 0.108521 0.143208 0.677681
2 0.860019 0.651422 0.196185 0.142304 0.63114
2 0.967396 0.0290683 0.0652076 0.0581366 0.611078
2 0.960016 0.939528 0.0799688 0.0888981 0.607233
2 0.595424 0.74274 0.0889384 0.0823414 0.561147
2 0.342863 0.222723 0.685726 0.444231 0.560834
11 0.22558 0.919717 0.0288126 0.0404627 0.5486
2 0.942652 0.0851372 0.114696 0.116338 0.531022
2 0.835322 0.280176 0.119692 0.104213 0.526222
2 0.170024 0.51823 0.340048 0.399446 0.503981
11 0.0717403 0.688568 0.0362597 0.0451119 0.486882
2 0.678901 0.599482 0.0941151 0.10058 0.465123
2 0.603689 0.567585 0.092257 0.0898607 0.459307
2 0.821768 0.0346574 0.150678 0.0691228 0.406696
2 0.932737 0.463882 0.132801 0.131309 0.405377
2 0.722854 0.945457 0.221842 0.109086 0.393674
2 0.674061 0.781632 0.0894045 0.0856041 0.361198
11 0.848438 0.377684 0.0368754 0.0514882 0.333833
2 0.875479 0.88913 0.0999659 0.0807033 0.313398
11 0.683372 0.677541 0.0385701 0.023559 0.309594
2 0.516017 0.86627 0.291094 0.193119 0.2812
2 0.168523 0.974973 0.287451 0.0498181 0.264236
2 0.981815 0.299447 0.0359774 0.0781301 0.253005
