11 0.729783 0.71461 0.0337814 0.0448206 0.85153
11 0.651843 0.889728 0.0365473 0.0509132 0.832495
11 0.788219 0.584831 0.0321996 0.0425884 0.789524
2 0.0985917 0.0721103 0.197025 0.143099 0.745792
11 0.75017 0.671046 0.0289451 0.0384944 0.70445
11 0.769209 0.627045 0.0306081 0.0403058 0.693133
11 0.831511 0.486039 0.0389666 0.053171 0.673914
11 0.637156 0.794958 0.0252513 0.0388977 0.583694
11 0.805773 0.542147 0.0277885 0.037466 0.55478
2 0.0841804 0.349094 0.16805 0.230965 0.41547
2 0.311648 0.191521 0.30459 0.380152 0.329466
2 0.120019 0.72152 0.240039 0.530781 0.30859
2 0.729196 0.0616562 0.41988 0.123312 0.284824
2 0.203965 0.42563 0.161638 0.148156 0.275388
2 0.791163 0.060402 0.2975 0.120785 0.275215
2 0.736042 0.374438 0.340487 0.558572 0.26587
2 0.537202 0.787106 0.322754 0.421447 0.257223
