11 0.920875 0.265095 0.0368702 0.0431549 0.848258
11 0.940784 0.633436 0.0381207 0.0403815 0.813881
11 0.898443 0.677718 0.0406378 0.0434862 0.807989
11 0.981716 0.588989 0.0351574 0.0409121 0.805528
11 0.763883 0.0866037 0.0349943 0.0393353 0.773919
11 0.781168 0.375485 0.0411735 0.040232 0.767182
11 0.79829 0.123447 0.0388441 0.042723 0.759765
2 0.657119 0.186268 0.240058 0.238757 0.752151
11 0.708925 0.576231 0.0240793 0.0384792 0.751563
11 0.856004 0.718986 0.0341458 0.0364214 0.749414
11 0.676131 0.60525 0.0305912 0.0433512 0.748533
11 0.600508 0.553741 0.0331421 0.0384169 0.747927
11 0.687571 0.893576 0.0407854 0.042744 0.740452
11 0.705968 0.0221664 0.0378571 0.0402927 0.733995
2 0.964473 0.856196 0.0710537 0.12132 0.727045
11 0.0357772 0.27014 0.0410959 0.0445351 0.726385
11 0.80812 0.474603 0.0229891 0.0453116 0.682455
11 0.168133 0.138778 0.0369747 0.0405454 0.679893
11 0.67451 0.482592 0.0329525 0.0356503 0.655905
2 0.671029 0.715776 0.650926 0.568417 0.648405
7 0.138757 0.389408 0.0673336 0.0644696 0.619643
11 0.597232 0.984195 0.0422241 0.0316105 0.613973
11 0.0297791 0.211394 0.0447956 0.0476536 0.612198
11 0.330572 0.193376 0.0495777 0.0450469 0.608331
11 0.759733 0.820592 0.029991 0.0349735 0.601854
11 0.0399835 0.346851 0.032037 0.0360157 0.600904
2 0.504223 0.0495062 0.115638 0.0990124 0.597319
11 0.0116768 0.382088 0.0233536 0.0406825 0.594862
11 0.0832295 0.441904 0.0466209 0.0446623 0.581192
11 0.363628 0.157573 0.0392017 0.0408461 0.576896
11 0.134074 0.175901 0.0411802 0.0440546 0.576405
11 0.788618 0.786537 0.039031 0.0413594 0.562422
11 0.26118 0.264378 0.0455537 0.0463449 0.560045
11 0.718403 0.426195 0.0373917 0.0359146 0.544833
11 0.656072 0.501068 0.0314277 0.0307162 0.536181
11 0.102336 0.424501 0.0332415 0.030122 0.534182
11 0.294756 0.230361 0.0434922 0.0436928 0.52653
11 0.132432 0.245408 0.0400175 0.0410441 0.524145
2 0.919569 0.983278 0.120225 0.0334432 0.505846
11 0.0987196 0.209334 0.0436662 0.0452158 0.488198
11 0.826808 0.74894 0.0369116 0.0401093 0.482647
11 0.119133 0.40915 0.0424302 0.0418066 0.475369
11 0.165116 0.987388 0.0402836 0.0248481 0.47201
2 0.135337 0.762597 0.270506 0.34271 0.464924
11 0.169519 0.211472 0.0413735 0.0422707 0.438889
11 0.0735693 0.31005 0.0432079 0.0461954 0.436114
2 0.0636296 0.601862 0.127158 0.149751 0.426983
11 0.32561 0.20066 0.043045 0.0474901 0.423747
11 0.0458494 0.483211 0.0357843 0.0364521 0.417425
11 0.125363 0.186639 0.0399994 0.0441496 0.409211
2 0.289487 0.0200403 0.132768 0.0400805 0.398808
11 0.191372 0.340703 0.0416601 0.0447649 0.393485
2 0.908205 0.106875 0.183585 0.21375 0.37904
11 0.224522 0.298842 0.0564103 0.0550197 0.37416
2 0.835899 0.945638 0.141799 0.108343 0.361357
11 0.630492 0.957658 0.0366772 0.0371818 0.359109
11 0.098593 0.426757 0.0317544 0.0267771 0.351005
7 0.227015 0.299572 0.0558277 0.0545382 0.346894
11 0.159322 0.226188 0.0388965 0.0452431 0.34404
11 0.658286 0.925176 0.0321934 0.0344982 0.331239
11 0.187511 0.19113 0.0367358 0.0419022 0.328051
11 0.221107 0.155042 0.0429794 0.0429484 0.313362
11 0.0112396 0.187129 0.0224793 0.053412 0.299114
11 0.737953 0.540897 0.0249649 0.0415124 0.295087
11 0.27061 0.901892 0.0288764 0.0289392 0.293099
2 0.0289692 0.906058 0.0579383 0.187884 0.282901
2 0.419724 0.441 0.495072 0.478979 0.27107
11 0.736064 0.0528493 0.0344038 0.0374416 0.269404
11 0.0122243 0.172344 0.0244485 0.0548301 0.259922
