2 0.577729 0.79618 0.217868 0.394095 0.893864
2 0.921505 0.772107 0.15699 0.234123 0.874661
2 0.416744 0.359378 0.198901 0.150337 0.86035
2 0.264588 0.686553 0.0717697 0.107183 0.821339
2 0.347765 0.979729 0.133745 0.0405424 0.793489
2 0.411201 0.515239 0.194878 0.0792803 0.741224
2 0.928952 0.407615 0.142095 0.136922 0.680243
3 0.0218217 0.210135 0.0434814 0.0925233 0.674953
11 0.787587 0.248122 0.0495355 0.0265069 0.623631
2 0.0576293 0.0923005 0.1151 0.18231 0.616885
2 0.273605 0.0989686 0.191185 0.197937 0.593466
2 0.144714 0.823528 0.166377 0.0871943 0.585907
2 0.737313 0.124717 0.210264 0.24702 0.577426
2 0.0974428 0.949801 0.138775 0.0651028 0.567972
2 0.496491 0.14903 0.266968 0.161667 0.560941
3 0.891912 0.296777 0.0549641 0.0878507 0.545545
2 0.842044 0.976538 0.136727 0.0469242 0.49389
2 0.67774 0.546214 0.147517 0.170117 0.435411
2 0.0265361 0.685492 0.0530381 0.191704 0.432709
2 0.0975847 0.484971 0.167772 0.11999 0.424924
11 0.404465 0.265837 0.0432326 0.0253169 0.403505
2 0.624988 0.484624 0.246058 0.279509 0.387704
2 0.619341 0.408749 0.240855 0.12582 0.386786
11 0.500432 0.276462 0.0640268 0.0335811 0.372511
2 0.456633 0.146679 0.192539 0.156999 0.365147
3 0.825092 0.35772 0.0728989 0.0361784 0.358851
7 0.340072 0.25887 0.0562752 0.0288759 0.348684
3 0.143674 0.161912 0.0784199 0.0356279 0.345052
2 0.856209 0.913726 0.124881 0.110896 0.316373
2 0.168624 0.397617 0.333283 0.292576 0.313715
2 0.00837072 0.911781 0.0167414 0.0984747 0.288241
2 0.926814 0.44164 0.145853 0.204042 0.281476
