3 0.192 0.126604 0.0680394 0.156074 0.811095
11 0.0372483 0.323759 0.0438751 0.0457284 0.782397
11 0.15561 0.584072 0.0335504 0.0471293 0.752462
11 0.0169126 0.231447 0.0319309 0.0484271 0.743737
11 0.181369 0.418141 0.0259666 0.0410344 0.713512
11 0.454961 0.0458085 0.0479624 0.0317905 0.691324
3 0.0732573 0.428649 0.146515 0.132664 0.671048
11 0.326045 0.0750976 0.0470268 0.0324418 0.631691
11 0.651347 0.00743113 0.0468113 0.0148623 0.487962
11 0.516602 0.0293297 0.0509824 0.0332143 0.451532
3 0.158274 0.357886 0.093109 0.0576285 0.423785
2 0.483618 0.571701 0.494706 0.856598 0.366036
11 0.2757 0.941653 0.0294836 0.0528673 0.34123
2 0.566915 0.151063 0.212261 0.201281 0.280548
