11 0.281957 0.698401 0.0309988 0.0457308 0.784477
11 0.347602 0.548801 0.0293975 0.0466978 0.77689
11 0.325147 0.602395 0.0291788 0.0438143 0.774383
2 0.598541 0.79868 0.628091 0.401593 0.758467
11 0.123866 0.887131 0.0325212 0.0391559 0.755342
11 0.682214 0.559359 0.0500394 0.0405729 0.748768
11 0.0554997 0.236004 0.0331709 0.0444688 0.71896
11 0.721445 0.577143 0.0450458 0.0349882 0.67891
11 0.826767 0.196959 0.0629749 0.0465873 0.651667
7 0.142862 0.0438127 0.0377809 0.0572195 0.636208
11 0.967244 0.682443 0.0430336 0.0342158 0.569158
2 0.482469 0.799037 0.397725 0.400361 0.48954
11 0.186399 0.912249 0.0366931 0.0425529 0.464999
3 0.589246 0.0790008 0.0613701 0.0781511 0.447446
3 0.412195 0.47016 0.0500775 0.0829092 0.402877
11 0.925869 0.668185 0.0433107 0.0331846 0.362374
11 0.300442 0.992101 0.0641876 0.0157972 0.33982
11 0.143118 0.849425 0.0288386 0.0344628 0.330714
11 0.0339117 0.273359 0.0383416 0.0419505 0.317777
2 0.757648 0.962075 0.165608 0.0755096 0.269318
3 0.563728 0.0132943 0.0889921 0.0264872 0.254559
