11 0.0316564 0.648861 0.0325917 0.0430079 0.803388
3 0.197913 0.347396 0.0781609 0.0656126 0.742032
2 0.444838 0.895838 0.130239 0.150016 0.725132
11 0.0196316 0.603285 0.0308351 0.0403132 0.719388
11 0.955776 0.684343 0.0444237 0.0361505 0.709819
11 0.0611209 0.531964 0.0306121 0.0426817 0.560658
2 0.639299 0.921186 0.155508 0.157628 0.510539
2 0.956703 0.830575 0.086525 0.172735 0.487614
3 0.242524 0.235663 0.148261 0.105161 0.454857
2 0.0748824 0.323709 0.149765 0.149824 0.408821
2 0.753143 0.664324 0.144772 0.131198 0.362634
2 0.589327 0.754017 0.133229 0.127502 0.329537
2 0.214628 0.575754 0.339401 0.405882 0.318226
11 0.989771 0.710998 0.0204581 0.0304825 0.300579
2 0.867158 0.753569 0.196246 0.189142 0.260866
2 0.647179 0.623195 0.140236 0.138841 0.258031
2 0.0692934 0.872578 0.138102 0.253541 0.253519
2 0.169027 0.683273 0.249326 0.17859 0.253324
2 0.320771 0.907861 0.190667 0.181825 0.252489
