2 0.416272 0.327945 0.147784 0.153215 0.864369
11 0.152593 0.517309 0.0393946 0.0436115 0.863018
3 0.526492 0.284549 0.0683466 0.0760764 0.859708
3 0.612008 0.278393 0.0692459 0.067732 0.850536
11 0.815418 0.465553 0.040455 0.0386709 0.837411
2 0.637474 0.529907 0.192504 0.166673 0.82558
11 0.933056 0.549595 0.0467828 0.0428846 0.809829
7 0.946065 0.785814 0.0573615 0.0647998 0.809339
11 0.417807 0.615666 0.0379691 0.0415982 0.808651
11 0.210111 0.0311957 0.0366405 0.0375623 0.808103
11 0.41705 0.213971 0.0414738 0.0405744 0.802953
3 0.659923 0.39007 0.0626818 0.0767371 0.800353
7 0.85031 0.917659 0.0513998 0.06278 0.79296
11 0.509553 0.502152 0.0370318 0.0403693 0.781436
11 0.467543 0.255602 0.0421024 0.0418961 0.7745
11 0.349936 0.154038 0.0377275 0.0385562 0.770971
11 0.983205 0.729541 0.0330732 0.0435262 0.770604
7 0.324649 0.72657 0.0566895 0.0659476 0.763132
11 0.249805 0.0657437 0.0425095 0.0430858 0.745972
7 0.897619 0.851252 0.0595194 0.0677725 0.743743
11 0.779138 0.434635 0.039209 0.0390954 0.743092
11 0.229299 0.381646 0.0353312 0.042213 0.74052
11 0.314383 0.125144 0.038337 0.0419119 0.720202
2 0.847803 0.811023 0.13388 0.145199 0.705351
11 0.297385 0.703246 0.037929 0.0440799 0.697471
6 0.144103 0.935203 0.0964506 0.106989 0.693475
11 0.990426 0.59582 0.0191477 0.0392864 0.68585
11 0.180143 0.353552 0.0365229 0.0416383 0.655838
2 0.420917 0.782574 0.265089 0.2607 0.6523
11 0.786943 0.991116 0.0420595 0.0175491 0.649991
11 0.977552 0.90363 0.0369347 0.0408375 0.643942
2 0.280532 0.54993 0.151183 0.154034 0.638977
2 0.0858315 0.747936 0.171663 0.20905 0.621126
11 0.380212 0.18233 0.0366362 0.0363031 0.59137
2 0.856052 0.65176 0.136306 0.126579 0.57407
11 0.97901 0.132569 0.0419805 0.0537633 0.565537
2 0.672213 0.123772 0.392359 0.24695 0.551923
2 0.539619 0.630409 0.132908 0.13458 0.548584
2 0.919716 0.980222 0.147208 0.0395245 0.52769
2 0.194914 0.656337 0.154348 0.157226 0.5083
11 0.0733198 0.449012 0.0445502 0.0534557 0.466874
2 0.243815 0.929659 0.231144 0.140666 0.463377
2 0.716605 0.899648 0.20782 0.200599 0.451125
11 0.17726 0.00925571 0.0444017 0.0185114 0.42035
2 0.0544907 0.173469 0.108794 0.276892 0.369057
2 0.317231 0.227658 0.162901 0.165015 0.358118
3 0.563022 0.388994 0.0776744 0.0797754 0.33818
11 0.852961 0.490559 0.0323715 0.0340042 0.292196
2 0.702644 0.966802 0.123454 0.0663962 0.291335
2 0.236435 0.604204 0.235537 0.259121 0.29101
2 0.0557064 0.23795 0.110453 0.411353 0.26379
11 0.282652 0.0969266 0.0347351 0.0364839 0.261313
2 0.276596 0.198108 0.237821 0.220612 0.260866
2 0.0848216 0.814195 0.169401 0.342372 0.260574
