2 0.876401 0.900301 0.225023 0.160463 0.905626
2 0.947739 0.577368 0.104523 0.118127 0.885508
2 0.361025 0.0877431 0.0941192 0.0972873 0.874357
2 0.689882 0.224296 0.135575 0.124209 0.843665
2 0.54323 0.816027 0.262386 0.159462 0.831661
2 0.384087 0.447268 0.143324 0.113299 0.829082
2 0.231894 0.762284 0.134618 0.134443 0.826563
2 0.0428508 0.0491262 0.0857016 0.0981923 0.822228
11 0.215977 0.617016 0.0497318 0.0336132 0.822025
11 0.510951 0.600439 0.0489123 0.0287659 0.819811
11 0.347246 0.578712 0.0510168 0.0324147 0.808581
11 0.734201 0.6949 0.0486527 0.0306127 0.801493
11 0.455378 0.591166 0.0462045 0.0289259 0.800767
11 0.912537 0.728642 0.0365084 0.027626 0.797605
11 0.636052 0.684796 0.0513756 0.0314541 0.79309
11 0.403356 0.584684 0.042123 0.026832 0.791073
2 0.388987 0.982718 0.110057 0.0345635 0.786766
11 0.975343 0.680822 0.0473976 0.0272896 0.781432
2 0.545003 0.444651 0.190502 0.0785957 0.772576
11 0.102874 0.447935 0.0220168 0.0428543 0.757942
2 0.0209788 0.139755 0.0419577 0.120856 0.74144
11 0.843402 0.65445 0.0447962 0.0254854 0.730044
11 0.491256 0.664195 0.0396312 0.0240534 0.724296
2 0.567016 0.330732 0.137651 0.120855 0.718062
11 0.0515959 0.382174 0.0228574 0.04216 0.715957
7 0.414437 0.304783 0.0504186 0.0481975 0.708461
11 0.795533 0.709305 0.0484146 0.0266313 0.706357
11 0.126618 0.29152 0.0281086 0.0493488 0.684586
7 0.0116524 0.865533 0.0233048 0.0603903 0.68303
11 0.0974755 0.0795359 0.0238368 0.0459925 0.680037
11 0.617476 0.619775 0.0476371 0.0245975 0.676865
11 0.116645 0.339152 0.0262279 0.0468989 0.675747
2 0.0576479 0.695491 0.0819457 0.152606 0.674143
2 0.820779 0.203953 0.159009 0.145131 0.65915
11 0.109651 0.38448 0.0261812 0.0428344 0.637206
7 0.45462 0.26448 0.0484913 0.0484589 0.624183
11 0.929549 0.00616544 0.0443856 0.0123028 0.621387
2 0.736685 0.474763 0.0780451 0.116316 0.610497
11 0.957534 0.733226 0.0492304 0.0336449 0.584325
2 0.931438 0.195685 0.135258 0.216545 0.540756
2 0.279223 0.0104306 0.108068 0.0208129 0.508629
2 0.0521673 0.981411 0.0916365 0.0371772 0.467123
2 0.323982 0.848389 0.10289 0.148765 0.433601
11 0.0113121 0.865034 0.0226243 0.0605427 0.43025
11 0.137491 0.226144 0.0278513 0.0479247 0.428378
2 0.0984342 0.866715 0.154629 0.167341 0.420494
11 0.0860982 0.18282 0.0185562 0.0408772 0.407618
2 0.490161 0.00779393 0.0888667 0.0155214 0.385632
3 0.30149 0.597725 0.0310573 0.0443998 0.365619
2 0.143302 0.672018 0.0931361 0.103373 0.3542
2 0.485721 0.0117645 0.0826775 0.0233829 0.326794
2 0.917805 0.154249 0.113452 0.137049 0.312135
2 0.625181 0.00534918 0.0996802 0.0106326 0.304224
3 0.264067 0.428672 0.0524343 0.0489126 0.281056
2 0.704476 0.564417 0.127285 0.0715101 0.268067
11 0.314466 0.635973 0.0489411 0.0319966 0.266681
