2 0.531991 0.442738 0.17021 0.248732 0.901771
2 0.825797 0.818736 0.130945 0.143776 0.899554
2 0.772309 0.416485 0.132247 0.14755 0.897788
2 0.149817 0.127719 0.136443 0.174825 0.880424
2 0.690436 0.65133 0.132902 0.141438 0.877188
2 0.396765 0.812887 0.17966 0.264403 0.868962
2 0.77814 0.14178 0.163912 0.131682 0.858405
2 0.939305 0.58398 0.117657 0.115377 0.845503
2 0.0743759 0.418837 0.148752 0.190959 0.832071
2 0.557213 0.141888 0.110854 0.138434 0.793229
2 0.635269 0.764511 0.132232 0.145668 0.789162
2 0.93898 0.926411 0.0902844 0.145657 0.782489
2 0.97188 0.337735 0.056241 0.127074 0.711131
2 0.898972 0.0576795 0.171753 0.115239 0.677462
2 0.0317264 0.737152 0.0634528 0.13139 0.578691
11 0.714011 0.923034 0.0505543 0.0405628 0.556247
2 0.0325631 0.91844 0.0651001 0.114449 0.38017
11 0.886889 0.729758 0.0604904 0.0440234 0.254205
