2 0.713067 0.449135 0.283239 0.10389 0.893057
2 0.523685 0.179957 0.114877 0.11698 0.891978
11 0.840883 0.326625 0.0429802 0.0281175 0.887234
11 0.459426 0.368367 0.0414261 0.0312927 0.867614
2 0.671777 0.272792 0.169571 0.0861359 0.856763
2 0.285132 0.177517 0.114251 0.123096 0.852663
11 0.620269 0.318654 0.0408409 0.0251075 0.830756
11 0.88958 0.327783 0.0468929 0.0293308 0.811142
11 0.939375 0.328505 0.0403115 0.0275473 0.798807
11 0.44573 0.297884 0.0479458 0.032329 0.795554
11 0.280775 0.254865 0.0439931 0.0289709 0.793454
11 0.183488 0.465514 0.0427083 0.0353919 0.793002
11 0.246368 0.57029 0.033094 0.0309123 0.776515
11 0.0600855 0.27384 0.0385975 0.0252125 0.774079
11 0.612496 0.388649 0.0481922 0.0232385 0.767313
11 0.270288 0.327854 0.0415239 0.0339045 0.76649
2 0.529272 0.471521 0.0734368 0.0768131 0.751724
2 0.126022 0.561851 0.248832 0.353138 0.71638
2 0.0289814 0.964939 0.057938 0.0699942 0.714953
11 0.265468 0.617155 0.0340613 0.0312006 0.713585
11 0.671883 0.344122 0.0428906 0.0277105 0.709055
2 0.176152 0.0715218 0.185172 0.125366 0.706942
11 0.0137415 0.260427 0.027483 0.0247653 0.704034
11 0.280599 0.431722 0.0343707 0.0318876 0.654286
11 0.159432 0.423026 0.0386345 0.0357473 0.62619
11 0.261202 0.387058 0.0370171 0.0344618 0.596111
2 0.948708 0.647628 0.102584 0.247731 0.591703
2 0.382498 0.68322 0.200205 0.1996 0.590909
11 0.393441 0.315547 0.0549551 0.0408183 0.551144
2 0.420274 0.211759 0.10236 0.106085 0.531655
7 0.39333 0.315403 0.0538326 0.040203 0.531501
11 0.224503 0.524968 0.0335498 0.0298693 0.509411
2 0.634102 0.0950726 0.148558 0.100257 0.441192
2 0.241028 0.969741 0.148879 0.0599503 0.411183
11 0.737047 0.395857 0.0496094 0.0236897 0.385232
11 0.712684 0.32304 0.0436373 0.0214027 0.378556
11 0.301036 0.470968 0.0233254 0.0247986 0.350676
11 0.33073 0.270335 0.0492543 0.0310277 0.344902
2 0.325383 0.859016 0.316387 0.281818 0.324796
2 0.602007 0.978778 0.155884 0.0424435 0.250417
