11 0.453256 0.39388 0.0408906 0.0406985 0.85479
11 0.823353 0.283625 0.0414185 0.0391384 0.84289
11 0.638615 0.247892 0.0453908 0.0407801 0.842675
2 0.788635 0.131099 0.34718 0.25843 0.823927
11 0.527647 0.334775 0.0396252 0.0408146 0.796241
11 0.562937 0.305228 0.0435256 0.0381239 0.755554
2 0.0636616 0.761087 0.127033 0.158347 0.721484
2 0.419131 0.232019 0.47682 0.412473 0.719773
11 0.660415 0.345012 0.0349628 0.0379509 0.716911
2 0.56944 0.642931 0.499699 0.411837 0.714929
11 0.589306 0.397807 0.0335409 0.039799 0.688215
2 0.107412 0.603294 0.164632 0.203791 0.641318
11 0.48267 0.478505 0.0352644 0.0406059 0.560071
11 0.498572 0.466295 0.035923 0.0451508 0.541481
11 0.744273 0.341128 0.0455565 0.0422678 0.488469
11 0.487058 0.474936 0.0405178 0.0434219 0.475726
2 0.86961 0.436194 0.214605 0.197264 0.451972
2 0.824379 0.930681 0.351242 0.138517 0.361856
2 0.74375 0.94913 0.208023 0.10174 0.344802
11 0.530172 0.428661 0.0251438 0.0280699 0.307281
2 0.104629 0.0429493 0.208192 0.0858985 0.287863
2 0.419871 0.744516 0.193547 0.19874 0.282298
2 0.0407189 0.121155 0.0814378 0.23294 0.261203
2 0.305615 0.880208 0.207515 0.221711 0.252302
