2 0.0952136 0.203637 0.190427 0.224535 0.828188
3 0.0253848 0.304209 0.0507551 0.0642732 0.768768
11 0.0119846 0.241105 0.023834 0.0543141 0.589015
2 0.626612 0.0616876 0.221421 0.123375 0.552774
2 0.0467939 0.0569026 0.0931444 0.113766 0.489591
2 0.427078 0.324143 0.395618 0.40017 0.466055
2 0.510605 0.318566 0.562373 0.416438 0.349551
2 0.87119 0.823083 0.257621 0.350566 0.348779
11 0.937441 0.104451 0.0312609 0.0477182 0.304379
2 0.785789 0.606609 0.188421 0.174465 0.289157
2 0.735267 0.478483 0.187663 0.177114 0.266597
