2 0.107756 0.726561 0.171786 0.163794 0.944637
2 0.317155 0.573612 0.154582 0.133164 0.926809
2 0.422677 0.820313 0.132422 0.118628 0.899412
2 0.886573 0.21264 0.105002 0.126706 0.881732
2 0.887046 0.465204 0.0899651 0.0892407 0.847773
2 0.80397 0.828472 0.128793 0.0886907 0.846775
2 0.875074 0.353921 0.146095 0.107891 0.846127
2 0.244383 0.308167 0.137204 0.247905 0.811036
2 0.595096 0.719128 0.0810635 0.134246 0.80803
2 0.131093 0.0832025 0.133431 0.142158 0.807758
2 0.594306 0.848096 0.0985874 0.123637 0.771106
2 0.791243 0.0665676 0.0872196 0.0761693 0.759852
2 0.851243 0.627506 0.1272 0.0925306 0.744115
11 0.966178 0.576295 0.0239866 0.0458584 0.730792
2 0.127187 0.550279 0.160192 0.0921275 0.718847
2 0.701554 0.919128 0.0876535 0.107924 0.713853
2 0.597799 0.207241 0.143193 0.149077 0.705308
7 0.907915 0.958401 0.0318621 0.0615326 0.648971
2 0.689184 0.592849 0.0521794 0.113808 0.603004
2 0.12978 0.973042 0.25956 0.0539152 0.602773
2 0.589307 0.379905 0.137897 0.215669 0.597126
2 0.808489 0.937189 0.10643 0.117124 0.585792
11 0.942813 0.710214 0.0280211 0.0428813 0.580692
2 0.588348 0.334792 0.138555 0.127082 0.564993
2 0.821048 0.703432 0.127395 0.0891251 0.473183
2 0.518568 0.843693 0.0771715 0.10385 0.382326
2 0.00948276 0.706856 0.0189655 0.141082 0.324274
11 0.846009 0.778348 0.0474396 0.0243628 0.309968
11 0.522433 0.993168 0.058252 0.0136649 0.295614
2 0.0650781 0.246731 0.129995 0.274161 0.280813
2 0.00805789 0.723152 0.0161158 0.117203 0.269881
11 0.589423 0.994644 0.0419656 0.0107125 0.268189
