2 0.338968 0.229297 0.177102 0.17144 0.920513
2 0.0730833 0.228744 0.120452 0.0848037 0.859673
2 0.689343 0.243986 0.26066 0.225758 0.839589
11 0.197025 0.55679 0.0271984 0.0451399 0.81206
2 0.0270369 0.611167 0.0540737 0.226226 0.757787
11 0.472119 0.464938 0.0432121 0.0244493 0.66426
11 0.157724 0.191736 0.0240517 0.0471696 0.445108
11 0.188214 0.611099 0.022379 0.0384436 0.431716
2 0.603501 0.470781 0.175169 0.0499938 0.355262
2 0.502656 0.0340209 0.101973 0.0679653 0.328158
11 0.308759 0.467551 0.0428326 0.0253057 0.309432
2 0.448377 0.0339583 0.21009 0.0679167 0.280185
2 0.897997 0.209896 0.203655 0.402262 0.266222
