2 0.799124 0.378307 0.137498 0.144894 0.890545
2 0.315137 0.235365 0.125215 0.108748 0.888171
2 0.233657 0.497713 0.134814 0.151555 0.886329
2 0.464319 0.322681 0.17329 0.150681 0.877619
2 0.473211 0.658521 0.162911 0.165458 0.86085
2 0.619964 0.730631 0.152391 0.191667 0.840562
2 0.0332879 0.790749 0.0665706 0.120681 0.834043
2 0.474775 0.0319883 0.165785 0.0635153 0.81512
3 0.229339 0.0381371 0.0888966 0.0668854 0.807918
2 0.953228 0.0333481 0.0824345 0.0664449 0.785823
2 0.777924 0.095824 0.146612 0.121247 0.774131
12 0.977576 0.429875 0.0447582 0.0790849 0.731718
2 0.303819 0.968114 0.184943 0.0637727 0.662197
11 0.557492 0.128268 0.0393124 0.0236395 0.600959
11 0.970601 0.18936 0.040295 0.0273763 0.582356
2 0.112044 0.606711 0.113208 0.133732 0.574547
2 0.0166954 0.924287 0.0333242 0.101111 0.488608
2 0.311873 0.590374 0.077675 0.0946602 0.479198
3 0.26161 0.111664 0.0566146 0.0742797 0.452089
2 0.984655 0.960053 0.0304306 0.0798932 0.409656
2 0.343835 0.408506 0.0639882 0.0846864 0.403724
11 0.791733 0.223747 0.0448639 0.026606 0.387163
3 0.173783 0.129227 0.084886 0.0718583 0.293459
2 0.81486 0.636293 0.131143 0.119421 0.27215
