2 0.141619 0.382405 0.25841 0.291356 0.923881
2 0.491608 0.547604 0.280238 0.284011 0.907379
2 0.325806 0.79832 0.234701 0.271924 0.902628
2 0.729445 0.676005 0.25801 0.302046 0.890093
2 0.783931 0.178665 0.119318 0.0987607 0.879502
2 0.0574932 0.622742 0.114544 0.227288 0.876305
2 0.64992 0.0829917 0.140738 0.130865 0.87485
11 0.850649 0.327547 0.0467884 0.0419655 0.848021
11 0.585778 0.172611 0.0422184 0.0353325 0.835087
11 0.492825 0.127391 0.0478889 0.0369494 0.817552
2 0.583574 0.902293 0.240597 0.194921 0.811183
2 0.971704 0.19417 0.0565922 0.113718 0.803475
11 0.383856 0.273364 0.0498763 0.0409546 0.796421
3 0.691469 0.186036 0.0725605 0.0670692 0.796139
11 0.846991 0.577944 0.0419567 0.0370829 0.794316
11 0.495315 0.380976 0.0357286 0.0292878 0.793318
11 0.22939 0.0151726 0.0463829 0.0300569 0.790424
11 0.44717 0.11127 0.045031 0.0376354 0.779849
11 0.400616 0.0886251 0.0459907 0.0386295 0.779692
11 0.891923 0.350349 0.0418514 0.0348539 0.761288
11 0.364175 0.0684119 0.0405254 0.0322063 0.725546
11 0.813829 0.0151975 0.0339638 0.0301401 0.710141
11 0.978167 0.403111 0.0434692 0.0427382 0.697911
2 0.965586 0.0409768 0.068829 0.0819536 0.579156
2 0.464155 0.0355093 0.113735 0.0708964 0.567347
2 0.930384 0.292173 0.0904278 0.0852258 0.505214
2 0.134526 0.937137 0.224466 0.125726 0.483897
2 0.987008 0.342977 0.0259842 0.118779 0.440841
2 0.339454 0.0195436 0.163089 0.0390115 0.342249
2 0.979686 0.0472707 0.0404364 0.0931259 0.327329
