2 0.129401 0.391491 0.159039 0.141445 0.919487
2 0.192189 0.73916 0.225568 0.185146 0.908822
2 0.531238 0.840138 0.115298 0.0798687 0.899958
2 0.348356 0.541909 0.120189 0.117905 0.890604
7 0.4724 0.330006 0.0382916 0.0586498 0.889309
2 0.626953 0.423335 0.123132 0.120676 0.886672
2 0.57646 0.729562 0.117599 0.0915768 0.886634
2 0.51028 0.955013 0.11625 0.0899738 0.87944
2 0.94106 0.214359 0.106875 0.0832397 0.850571
3 0.256632 0.927083 0.0536706 0.0806347 0.840517
11 0.53316 0.104891 0.0281433 0.040641 0.838059
2 0.332861 0.0526468 0.129473 0.105294 0.835926
2 0.12084 0.257627 0.112937 0.121902 0.821726
2 0.724839 0.0794857 0.215109 0.113945 0.7942
2 0.890307 0.965503 0.101073 0.0683148 0.778689
2 0.107248 0.0871792 0.0821898 0.0917023 0.778626
11 0.375141 0.64393 0.0304247 0.0429184 0.777404
3 0.338442 0.849684 0.0779663 0.0529726 0.756275
2 0.843702 0.410384 0.166876 0.151038 0.75133
2 0.768422 0.21279 0.153762 0.173851 0.747142
11 0.0763312 0.798045 0.0450557 0.0373878 0.740501
2 0.372699 0.22504 0.128274 0.108276 0.739212
11 0.431688 0.461563 0.0232596 0.0416593 0.737579
2 0.550172 0.632428 0.116503 0.0971872 0.718723
2 0.207403 0.97847 0.0985468 0.0427801 0.716324
11 0.0293942 0.771027 0.0486124 0.0381788 0.685583
2 0.0529824 0.903117 0.105947 0.190033 0.664169
11 0.410059 0.541578 0.0210066 0.035828 0.633666
2 0.246536 0.391972 0.0604156 0.1062 0.584135
11 0.130316 0.826654 0.0520457 0.0422291 0.563803
11 0.465675 0.0140751 0.040202 0.0278552 0.519876
11 0.033386 0.490206 0.0496415 0.0381319 0.500729
2 0.57313 0.563878 0.109284 0.0795461 0.433802
2 0.959355 0.308049 0.0675854 0.116191 0.433218
12 0.204256 0.15733 0.0407404 0.0411196 0.407837
11 0.564342 0.00695688 0.0279976 0.0139138 0.369719
2 0.0418176 0.557463 0.0834996 0.160382 0.352875
7 0.135743 0.830874 0.0607138 0.0501841 0.325763
