11 0.669466 0.377976 0.0415857 0.0353615 0.828362
7 0.800874 0.432008 0.0617628 0.0406587 0.81388
2 0.136315 0.693867 0.129223 0.110092 0.800912
11 0.503316 0.312442 0.0429025 0.0365338 0.783172
11 0.361358 0.258035 0.0436413 0.0323514 0.780493
2 0.133497 0.861338 0.247609 0.193102 0.774233
11 0.710601 0.394271 0.0436283 0.0367901 0.764724
2 0.131827 0.428288 0.263655 0.358705 0.738518
2 0.922082 0.614114 0.15017 0.142035 0.736465
2 0.935165 0.967805 0.129629 0.0643894 0.687506
2 0.703658 0.124406 0.19513 0.228 0.687448
11 0.662124 0.430488 0.0412962 0.0344617 0.658329
3 0.162808 0.208117 0.082806 0.0896089 0.658042
2 0.46762 0.461738 0.483147 0.303354 0.651411
11 0.72764 0.460276 0.0377042 0.0373987 0.649588
2 0.656613 0.685743 0.118692 0.130188 0.59372
11 0.327003 0.301362 0.0366931 0.0297441 0.557148
2 0.955121 0.406057 0.0897576 0.231057 0.516948
11 0.924961 0.225588 0.0266361 0.0404693 0.50984
11 0.426571 0.341417 0.0393385 0.0307365 0.497332
2 0.339555 0.123436 0.265976 0.246872 0.443458
2 0.769535 0.316519 0.334405 0.226675 0.421312
2 0.0321524 0.0623089 0.0643047 0.124248 0.400828
2 0.775604 0.810269 0.0826793 0.081884 0.384972
2 0.919243 0.753416 0.161162 0.111704 0.359766
2 0.852243 0.727231 0.294204 0.17278 0.316487
2 0.410167 0.145685 0.401192 0.291089 0.299803
2 0.57281 0.901789 0.516894 0.196422 0.29458
11 0.747583 0.40861 0.0378915 0.0352677 0.279441
2 0.912786 0.0496002 0.174428 0.0990227 0.279221
2 0.778344 0.698431 0.152037 0.115321 0.278078
2 0.109759 0.498752 0.216218 0.22105 0.271599
2 0.296871 0.929849 0.145663 0.140302 0.27069
2 0.475353 0.677004 0.0765833 0.110661 0.268704
