2 0.429663 0.910308 0.142073 0.14123 0.924633
2 0.788929 0.324791 0.149791 0.124027 0.888061
2 0.823245 0.0362512 0.116544 0.0722786 0.87469
2 0.936502 0.578383 0.12671 0.100129 0.873128
3 0.163591 0.646447 0.087109 0.0501349 0.867871
2 0.404999 0.254718 0.133659 0.163227 0.864233
2 0.579691 0.508366 0.121395 0.160507 0.851332
3 0.505791 0.268538 0.0838161 0.0738501 0.849307
3 0.115491 0.419495 0.0894483 0.0498076 0.843619
3 0.203239 0.513021 0.0439578 0.102449 0.836158
11 0.788541 0.130708 0.0472968 0.0344984 0.828429
11 0.653901 0.280371 0.0444076 0.0372161 0.82496
11 0.594494 0.23893 0.0476057 0.0411452 0.811426
11 0.518362 0.358988 0.0473226 0.0414462 0.80684
11 0.680992 0.18502 0.0485663 0.0408051 0.804012
2 0.55764 0.0415575 0.168008 0.083115 0.793585
2 0.704447 0.550951 0.141242 0.153833 0.792966
2 0.353287 0.616092 0.176857 0.140546 0.790587
11 0.385807 0.438569 0.0480296 0.037764 0.785295
11 0.437361 0.413195 0.0480889 0.0417347 0.772042
2 0.629004 0.112208 0.127867 0.114026 0.771114
2 0.725488 0.754603 0.140453 0.118972 0.762438
2 0.760707 0.887422 0.168787 0.157252 0.741846
2 0.548813 0.953683 0.135226 0.0926338 0.731294
11 0.636425 0.212292 0.0473387 0.0394085 0.729247
3 0.586448 0.284233 0.0797462 0.0499964 0.663335
2 0.391748 0.746187 0.187688 0.158305 0.658344
11 0.979184 0.0388572 0.0416329 0.0360465 0.61122
2 0.954167 0.893438 0.0916662 0.104496 0.563899
7 0.384986 0.106885 0.0372441 0.0586496 0.506493
11 0.286586 0.498486 0.0459649 0.0418312 0.505266
2 0.82259 0.489997 0.0979061 0.0726662 0.471766
2 0.455233 0.551553 0.0886019 0.120742 0.445558
2 0.972607 0.814921 0.0547864 0.0776626 0.428076
2 0.479794 0.552421 0.137827 0.119909 0.272241
