11 0.0797744 0.600214 0.0447768 0.0441401 0.789841
11 0.624714 0.867466 0.0405726 0.0425138 0.767569
11 0.535204 0.921159 0.0311593 0.0438066 0.746133
11 0.492983 0.879712 0.0279606 0.0479084 0.724765
11 0.591147 0.891516 0.0409196 0.0395822 0.671068
13 0.0257742 0.846601 0.0512502 0.282806 0.644731
11 0.387812 0.530786 0.0405795 0.0357693 0.641275
11 0.97771 0.344349 0.0442427 0.040207 0.559256
6 0.206935 0.660154 0.0839076 0.0725007 0.539417
11 0.558311 0.592757 0.0415122 0.0416663 0.493407
11 0.347422 0.401321 0.0393261 0.0347087 0.451775
7 0.279122 0.493896 0.0480686 0.04478 0.445784
11 0.464902 0.862422 0.0343686 0.0433088 0.430131
11 0.130256 0.598056 0.0444672 0.044426 0.42235
11 0.279505 0.494121 0.0469123 0.0441296 0.416039
7 0.451687 0.498701 0.0499401 0.0460949 0.398942
11 0.564846 0.934622 0.0263176 0.0460819 0.386416
11 0.513597 0.902677 0.0332785 0.0393246 0.384325
6 0.419624 0.827805 0.0606454 0.0555383 0.336602
6 0.376825 0.56131 0.0646814 0.0609807 0.307939
11 0.510276 0.895818 0.0389404 0.048273 0.267872
11 0.427033 0.884223 0.0375815 0.0335924 0.263797
