2 0.21341 0.084172 0.151283 0.161848 0.838362
3 0.954152 0.223111 0.0876591 0.0677593 0.753654
11 0.384144 0.397188 0.0275945 0.0525119 0.734141
11 0.826056 0.145093 0.0447225 0.033631 0.717793
2 0.376803 0.676502 0.181856 0.324271 0.699347
2 0.940611 0.0504326 0.118777 0.100438 0.689562
2 0.583151 0.117333 0.474125 0.234666 0.657622
3 0.355752 0.225424 0.0610686 0.0527236 0.577709
11 0.484483 0.773698 0.0247589 0.0352588 0.554681
2 0.155771 0.276287 0.311543 0.241305 0.548432
2 0.426594 0.886262 0.116394 0.107839 0.523556
3 0.970822 0.142506 0.0583555 0.0679396 0.49737
2 0.426456 0.969138 0.143117 0.0615875 0.444912
2 0.0366823 0.144391 0.0733646 0.138896 0.395201
11 0.525298 0.986758 0.0192816 0.0263557 0.380946
11 0.467356 0.710363 0.0254536 0.0384357 0.376547
2 0.047166 0.907805 0.0941152 0.184391 0.356663
2 0.0900592 0.527983 0.179945 0.24742 0.334547
2 0.145834 0.970629 0.184271 0.0587412 0.2972
11 0.403392 0.471041 0.0251076 0.0428688 0.268407
