11 0.396926 0.565088 0.0318514 0.0517312 0.843892
14 0.892843 0.609732 0.214144 0.0438088 0.842464
14 0.793447 0.16724 0.413107 0.0538406 0.834091
11 0.611782 0.468128 0.0300959 0.0428774 0.817093
11 0.307108 0.430778 0.0318308 0.0490372 0.814889
11 0.353873 0.0213669 0.0354374 0.0427338 0.813936
11 0.517965 0.26804 0.0405747 0.0567239 0.812948
11 0.703841 0.835401 0.0336448 0.0532413 0.807319
11 0.662026 0.413516 0.0363022 0.054176 0.801438
11 0.718729 0.75735 0.0308441 0.0478754 0.800904
11 0.482947 0.122104 0.0318739 0.0481727 0.788025
11 0.362156 0.659092 0.0353345 0.0580171 0.784802
14 0.792946 0.118353 0.414107 0.0519951 0.77549
11 0.736941 0.6015 0.0351635 0.0590128 0.754307
14 0.893941 0.658663 0.211502 0.0490118 0.72892
11 0.148329 0.0929992 0.044672 0.0676357 0.710325
14 0.823579 0.26323 0.352841 0.0501195 0.689328
14 0.794774 0.128796 0.410196 0.0781733 0.64697
14 0.0501751 0.148061 0.100065 0.0425921 0.452871
14 0.0596198 0.198334 0.118727 0.0504519 0.451067
14 0.769424 0.172109 0.461152 0.0509014 0.426039
14 0.892825 0.61892 0.212235 0.06158 0.386377
14 0.831313 0.108832 0.33397 0.0442084 0.315896
14 0.829943 0.162303 0.338162 0.047716 0.299229
14 0.792665 0.0837291 0.41467 0.109406 0.291656
