2 0.448718 0.583293 0.553081 0.38441 0.911265
2 0.794801 0.890203 0.261445 0.218419 0.898242
11 0.24419 0.141813 0.0463642 0.034876 0.818412
3 0.0561447 0.0364061 0.0678605 0.0728123 0.813444
11 0.532239 0.285379 0.0466895 0.0408884 0.812168
11 0.951091 0.635614 0.0457545 0.0374567 0.790538
7 0.740838 0.524133 0.0493459 0.0434768 0.662216
3 0.0172945 0.118851 0.0345889 0.0771774 0.573571
11 0.957366 0.0782998 0.0314888 0.0410506 0.490135
2 0.0903137 0.856273 0.180627 0.147563 0.469293
11 0.38815 0.163749 0.0506131 0.0419841 0.440831
3 0.991498 0.690707 0.017004 0.0638062 0.43473
11 0.703733 0.82878 0.0329191 0.0468788 0.397829
