2 0.295024 0.231065 0.201789 0.191219 0.809613
11 0.111216 0.189864 0.0458339 0.0336146 0.778832
11 0.229951 0.0426349 0.0456753 0.033816 0.766519
2 0.863213 0.799415 0.18656 0.200786 0.749593
11 0.393214 0.502308 0.0343836 0.0504164 0.741727
11 0.214487 0.144837 0.0450701 0.0342629 0.69803
2 0.0244547 0.48309 0.0488853 0.096028 0.6882
2 0.576224 0.451386 0.250405 0.193135 0.654343
11 0.920595 0.573322 0.0321461 0.0485425 0.650479
7 0.532952 0.0437063 0.0559811 0.0363722 0.640123
11 0.944171 0.950404 0.0257916 0.0460503 0.611419
2 0.643752 0.428436 0.39341 0.237679 0.555093
11 0.378915 0.451257 0.0389467 0.0570582 0.542731
11 0.851176 0.623149 0.0281948 0.047158 0.541439
2 0.64647 0.716182 0.260554 0.276853 0.525582
2 0.111142 0.427907 0.171656 0.178102 0.512924
2 0.499698 0.198483 0.230632 0.213479 0.473981
11 0.0106786 0.239555 0.0212468 0.0344279 0.467844
11 0.354866 0.357844 0.0258136 0.0391273 0.443293
11 0.648176 0.00879264 0.0475436 0.0175853 0.435247
2 0.741541 0.735774 0.449593 0.321801 0.366849
2 0.888223 0.0833111 0.223554 0.166622 0.363362
7 0.466456 0.0591568 0.0508337 0.0318521 0.337934
11 0.480442 0.551576 0.0309006 0.0339325 0.297729
2 0.959436 0.388197 0.0811272 0.210145 0.257287
