2 0.483265 0.650253 0.297857 0.281563 0.879106
11 0.167557 0.375943 0.0319303 0.0481987 0.842958
2 0.320274 0.234739 0.156573 0.217413 0.833776
2 0.479147 0.95285 0.111117 0.0942997 0.806052
11 0.2324 0.663358 0.0289656 0.0491831 0.804626
11 0.0389199 0.922664 0.0455549 0.0341641 0.802608
2 0.0703795 0.785986 0.140759 0.216977 0.793233
11 0.348122 0.717782 0.0238432 0.0420196 0.785873
7 0.146865 0.525257 0.0474945 0.0750796 0.778826
11 0.15946 0.640547 0.0307233 0.0522665 0.778687
3 0.0278116 0.0193988 0.0556231 0.0387976 0.754056
11 0.104049 0.289186 0.0379548 0.0583172 0.749672
2 0.851306 0.277506 0.297388 0.555012 0.744004
3 0.0232585 0.159579 0.0462032 0.0708923 0.739695
3 0.213057 0.859956 0.04506 0.0690773 0.712448
11 0.355529 0.761131 0.0247087 0.0428881 0.695525
2 0.456569 0.848438 0.125194 0.136675 0.667809
2 0.400007 0.433353 0.216199 0.199658 0.666868
2 0.167098 0.947119 0.113066 0.10322 0.53673
2 0.0462004 0.60485 0.0924008 0.183997 0.487818
2 0.0662498 0.975055 0.110459 0.0498892 0.423714
11 0.131775 0.699951 0.05057 0.030856 0.419277
2 0.268092 0.043734 0.198455 0.0873982 0.400673
11 0.322235 0.632714 0.0267274 0.0473652 0.397688
2 0.703933 0.0556345 0.202396 0.111269 0.264724
