2 0.405868 0.649856 0.244393 0.267531 0.907832
2 0.804935 0.0968666 0.242908 0.192453 0.90061
2 0.427172 0.274591 0.265473 0.29883 0.873427
2 0.912066 0.256576 0.116108 0.0946004 0.766926
2 0.442093 0.0492519 0.207668 0.0984309 0.733956
2 0.831245 0.802751 0.33719 0.391527 0.696793
11 0.59579 0.261852 0.0309038 0.0304804 0.685728
2 0.301335 0.947624 0.201605 0.104752 0.623923
11 0.517158 0.805685 0.0473627 0.0372607 0.549606
11 0.926845 0.494065 0.024569 0.033859 0.489513
11 0.655118 0.220001 0.0380595 0.0478612 0.462684
11 0.638054 0.23624 0.0281292 0.031156 0.442843
2 0.128127 0.593883 0.256254 0.454749 0.302859
11 0.668901 0.210077 0.0340715 0.0572865 0.277802
