2 0.417345 0.600232 0.207423 0.199338 0.819514
11 0.69483 0.676358 0.0321177 0.0424686 0.800235
11 0.609049 0.510309 0.0335007 0.0483476 0.786449
11 0.521065 0.506749 0.0308506 0.0427314 0.776417
2 0.527789 0.76658 0.191338 0.227861 0.726062
11 0.632694 0.618931 0.0371546 0.0513535 0.705466
11 0.973007 0.684173 0.0329012 0.0425229 0.685797
7 0.976846 0.913895 0.0373198 0.0534947 0.677507
7 0.484308 0.441574 0.0419153 0.0599563 0.673867
11 0.632739 0.559174 0.0367999 0.0519481 0.644484
11 0.502352 0.39975 0.0369943 0.0541184 0.642594
2 0.341921 0.423067 0.169294 0.191158 0.635781
7 0.562444 0.41065 0.0401594 0.0585409 0.634721
11 0.54418 0.346763 0.0402318 0.0597277 0.624075
11 0.585283 0.464306 0.0404382 0.0547657 0.623692
11 0.907838 0.711953 0.0314125 0.0399479 0.61783
2 0.270414 0.280318 0.160074 0.159139 0.60894
2 0.131268 0.524795 0.224346 0.22503 0.604765
11 0.552882 0.296592 0.0367374 0.0335799 0.563545
2 0.146455 0.122295 0.289165 0.24459 0.505384
11 0.869882 0.734428 0.030856 0.0371812 0.475289
2 0.0378687 0.170201 0.0757374 0.247022 0.467238
2 0.577619 0.934117 0.173104 0.131765 0.412235
2 0.368212 0.839043 0.121381 0.114659 0.373631
2 0.110414 0.237297 0.0867605 0.0965038 0.359116
11 0.0523697 0.284558 0.0352329 0.0296874 0.332602
11 0.562317 0.410626 0.0406202 0.0605351 0.324577
11 0.457802 0.388079 0.0367056 0.051758 0.293346
2 0.156895 0.360946 0.169153 0.131241 0.291973
2 0.421263 0.981438 0.1422 0.0368195 0.280814
2 0.793986 0.322543 0.411018 0.645087 0.263937
