2 0.830933 0.326594 0.129245 0.132146 0.902133
2 0.708246 0.145084 0.132136 0.128417 0.848176
2 0.670099 0.394298 0.129922 0.129656 0.839432
2 0.92833 0.899242 0.127692 0.120488 0.834365
2 0.932825 0.21093 0.0970459 0.102853 0.811664
2 0.223916 0.302005 0.349798 0.242393 0.803879
11 0.191759 0.0545898 0.047515 0.0398125 0.799978
2 0.414595 0.0774666 0.125367 0.13966 0.799604
2 0.701588 0.557502 0.128848 0.123056 0.799593
11 0.0457416 0.156368 0.0455622 0.0368134 0.767199
11 0.892112 0.532745 0.0320589 0.0427531 0.76702
11 0.844438 0.625343 0.0315918 0.0405483 0.760524
2 0.308183 0.142864 0.140168 0.152303 0.741847
2 0.901255 0.736875 0.14346 0.154359 0.709432
11 0.788996 0.021442 0.0459899 0.0388071 0.696584
2 0.527753 0.944551 0.111093 0.109028 0.691965
2 0.519971 0.0610344 0.147987 0.122069 0.686432
2 0.821954 0.17654 0.124139 0.127154 0.675133
3 0.980914 0.150456 0.0377876 0.0631838 0.664556
2 0.900577 0.962166 0.105356 0.0756527 0.638615
2 0.0522791 0.0379038 0.0988657 0.0754466 0.633984
11 0.883346 0.0813231 0.0422127 0.0393938 0.629795
2 0.560519 0.859028 0.118055 0.107363 0.629329
11 0.0120768 0.17864 0.0240778 0.0373833 0.607485
2 0.0543122 0.668703 0.108611 0.125204 0.563239
2 0.667268 0.637688 0.14685 0.123961 0.539165
2 0.376487 0.927715 0.16707 0.12784 0.536846
2 0.0166359 0.06193 0.033211 0.12386 0.475729
2 0.152304 0.295252 0.206364 0.226742 0.405033
2 0.977021 0.503449 0.0459589 0.109576 0.336425
2 0.346611 0.926084 0.108354 0.124797 0.33225
2 0.0119577 0.35022 0.0239155 0.112387 0.303992
2 0.981693 0.63169 0.0366146 0.132771 0.303437
11 0.082956 0.125228 0.0392553 0.0343307 0.28689
2 0.970335 0.0542184 0.0593178 0.102079 0.274266
2 0.758354 0.953558 0.0669304 0.0648961 0.272728
2 0.890079 0.0272842 0.158472 0.0543218 0.257449
