2 0.542198 0.738672 0.170767 0.169396 0.911231
2 0.878953 0.499386 0.176518 0.166212 0.88009
11 0.609096 0.975335 0.0401832 0.0425739 0.865417
2 0.681387 0.649785 0.181019 0.198589 0.847436
11 0.692125 0.319093 0.04762 0.0366312 0.831618
11 0.473344 0.6227 0.0401947 0.0357874 0.829006
2 0.659944 0.932195 0.126721 0.123797 0.826343
2 0.630766 0.0884847 0.367984 0.175972 0.822897
2 0.106575 0.762876 0.213149 0.248639 0.820837
11 0.632438 0.507733 0.037726 0.0392954 0.81686
11 0.419137 0.847462 0.0351443 0.0400482 0.798229
2 0.921284 0.818985 0.145086 0.129098 0.797816
2 0.301192 0.899669 0.142665 0.134885 0.764999
11 0.669883 0.478118 0.0442507 0.0412508 0.749693
11 0.195373 0.896768 0.0391547 0.0356525 0.717921
3 0.732356 0.471198 0.0677709 0.0912328 0.701789
11 0.861611 0.378686 0.0316 0.0346229 0.658149
11 0.143913 0.935159 0.0395676 0.0358294 0.638595
11 0.238953 0.863168 0.0364325 0.0329705 0.635024
6 0.204514 0.508701 0.0952264 0.057857 0.632589
3 0.385929 0.780481 0.110774 0.0960388 0.631531
11 0.0722022 0.893909 0.0441885 0.0360168 0.610365
11 0.12262 0.857837 0.0424493 0.037954 0.594401
2 0.437767 0.955698 0.215528 0.0886046 0.579152
2 0.802286 0.754783 0.1116 0.112511 0.390398
2 0.185304 0.964796 0.192653 0.0704088 0.37754
2 0.769465 0.978539 0.182204 0.0429211 0.375553
2 0.223766 0.955692 0.123957 0.0882599 0.344583
2 0.483558 0.522795 0.138055 0.102209 0.343957
2 0.719488 0.0868799 0.544861 0.17376 0.271748
2 0.148334 0.973223 0.119343 0.0535548 0.265227
11 0.793692 0.578313 0.0360094 0.0415273 0.264849
