2 0.135162 0.754051 0.269453 0.347236 0.849096
2 0.84571 0.0970694 0.207454 0.192104 0.836948
2 0.787904 0.485764 0.42341 0.284195 0.81007
11 0.252147 0.436372 0.0395403 0.0496145 0.782923
2 0.0811814 0.160277 0.113438 0.096665 0.741081
2 0.380539 0.0545034 0.135014 0.106331 0.704294
11 0.345457 0.39092 0.0338898 0.0399099 0.67666
11 0.280006 0.284861 0.0353361 0.0475263 0.676284
11 0.214647 0.329892 0.036834 0.0447556 0.643309
11 0.144441 0.455913 0.0347548 0.0328196 0.636181
11 0.320921 0.402039 0.0374032 0.0461046 0.552741
2 0.506453 0.014906 0.12554 0.0297517 0.525439
2 0.229379 0.134095 0.15175 0.124671 0.511819
11 0.193238 0.345085 0.0320258 0.0383253 0.468246
11 0.211705 0.33479 0.0353688 0.0439847 0.390713
11 0.643463 0.102883 0.0316994 0.0314935 0.349466
11 0.330804 0.279956 0.0302316 0.0317367 0.316114
11 0.623224 0.11254 0.0225478 0.0284851 0.281981
11 0.562304 0.14486 0.0328436 0.0312513 0.281637
11 0.0159747 0.441984 0.0318225 0.0376906 0.277791
