2 0.609194 0.120318 0.40683 0.220228 0.892805
11 0.868448 0.657132 0.0342873 0.0506849 0.836108
11 0.84012 0.576 0.0370438 0.0520662 0.833341
2 0.148685 0.105619 0.275686 0.211091 0.827566
11 0.837726 0.84206 0.0369042 0.0484123 0.800853
11 0.753146 0.0150044 0.0423981 0.0296051 0.766321
11 0.696708 0.566947 0.0394312 0.0518181 0.720133
11 0.807935 0.74673 0.0426996 0.0533751 0.717319
2 0.337092 0.177176 0.228631 0.194301 0.708422
11 0.782927 0.682265 0.0359231 0.0439417 0.69096
11 0.715856 0.588178 0.0368576 0.0476307 0.680569
11 0.987816 0.969371 0.0240726 0.0311072 0.641365
11 0.861933 0.897222 0.0258477 0.0382645 0.637822
2 0.692798 0.901104 0.326301 0.196933 0.62848
11 0.792529 0.721003 0.0373859 0.0426098 0.615166
11 0.932263 0.832668 0.0302559 0.0489151 0.385524
11 0.825166 0.812631 0.0339775 0.046554 0.367825
2 0.773557 0.351817 0.126581 0.0876829 0.352484
11 0.813128 0.772912 0.0404274 0.0539061 0.263081
