2 0.219969 0.450223 0.439938 0.550923 0.893524
11 0.0194659 0.667489 0.0389318 0.0320645 0.833525
11 0.0201522 0.720922 0.0383675 0.0259255 0.825706
11 0.755933 0.396042 0.0424032 0.0405823 0.822373
11 0.737197 0.519215 0.0431194 0.0436121 0.734269
11 0.817048 0.448326 0.0408251 0.0454926 0.713607
7 0.774093 0.483677 0.0524356 0.0514589 0.642063
11 0.70596 0.538961 0.0455892 0.0495637 0.559342
11 0.815964 0.457065 0.0428592 0.0506714 0.383717
11 0.798014 0.46816 0.0396927 0.0440576 0.358051
11 0.242257 0.988996 0.0401368 0.0220081 0.304924
