2 0.598589 0.774992 0.204874 0.3279 0.939224
2 0.0559046 0.550739 0.111574 0.0953121 0.933295
2 0.797791 0.404009 0.184167 0.168308 0.909765
2 0.33684 0.395168 0.103963 0.0948458 0.908626
2 0.895555 0.604052 0.203664 0.160757 0.902119
2 0.271807 0.554856 0.142218 0.12606 0.902057
2 0.839259 0.214445 0.128638 0.117579 0.878951
2 0.278827 0.72923 0.160239 0.1625 0.871895
2 0.639532 0.353636 0.172312 0.155955 0.866519
11 0.522104 0.92545 0.0474832 0.0365886 0.854102
2 0.722038 0.163663 0.110803 0.114302 0.85193
2 0.215574 0.255939 0.156983 0.106548 0.848858
2 0.813547 0.905977 0.101766 0.109484 0.847138
2 0.367598 0.20892 0.147987 0.109517 0.839583
2 0.0263908 0.669801 0.0527815 0.106117 0.837107
2 0.066588 0.431064 0.0910349 0.102996 0.831194
2 0.970908 0.710429 0.0581835 0.179999 0.827391
2 0.236315 0.978497 0.129759 0.0430054 0.78579
11 0.574347 0.948434 0.0513337 0.0394512 0.783209
2 0.101837 0.985302 0.109026 0.0293952 0.772397
2 0.902219 0.0287357 0.134724 0.057365 0.723212
11 0.551649 0.990243 0.0422562 0.0195147 0.72207
11 0.370699 0.898112 0.0311303 0.0476076 0.717816
2 0.662247 0.0572136 0.0837839 0.0993571 0.703037
2 0.557335 0.529669 0.0749327 0.0668679 0.698907
11 0.476627 0.656667 0.0282873 0.054303 0.671777
2 0.0168678 0.779699 0.0335507 0.0978187 0.646739
11 0.94392 0.318794 0.0579244 0.0404511 0.644953
11 0.626589 0.971097 0.0535877 0.0398788 0.638087
2 0.104379 0.195981 0.127725 0.11952 0.635726
11 0.504449 0.983112 0.0522281 0.0332592 0.633595
11 0.691957 0.216971 0.0444066 0.0300986 0.606944
11 0.825714 0.321754 0.0426804 0.0305668 0.597728
7 0.541449 0.301095 0.0321289 0.0555054 0.545687
11 0.978193 0.384344 0.0402809 0.0324846 0.542198
2 0.635969 0.497814 0.0932172 0.0998945 0.540522
11 0.984796 0.333318 0.0299557 0.031518 0.540494
2 0.0966739 0.32539 0.0800125 0.112906 0.521939
7 0.944265 0.318566 0.0571514 0.0396647 0.502298
2 0.756078 0.019753 0.0958505 0.0393908 0.490661
11 0.781445 0.30526 0.0444728 0.0303204 0.487272
11 0.106892 0.928358 0.0346299 0.0355111 0.453866
2 0.977237 0.134323 0.0455261 0.255288 0.441823
2 0.184939 0.385835 0.134797 0.0679594 0.292797
