11 0.105138 0.75183 0.0467466 0.035329 0.879221
11 0.069934 0.782483 0.048489 0.0397649 0.837352
11 0.0487175 0.737036 0.0371362 0.0325756 0.8197
11 0.424599 0.896754 0.0438283 0.0432365 0.812254
11 0.713158 0.857051 0.0463865 0.0339767 0.80828
11 0.697765 0.823731 0.0495306 0.036842 0.793434
11 0.206748 0.780031 0.0464067 0.0354894 0.760497
3 0.332322 0.971398 0.119161 0.057204 0.750416
11 0.599877 0.825296 0.0457612 0.0316113 0.725545
11 0.765706 0.906829 0.0460411 0.0292286 0.701839
11 0.0247646 0.818922 0.0408211 0.0464079 0.697207
11 0.454474 0.683991 0.0330599 0.0517277 0.666477
3 0.635479 0.24823 0.0910131 0.0746067 0.66295
2 0.161991 0.181843 0.250006 0.278193 0.643884
6 0.674072 0.164071 0.0566066 0.119361 0.637138
3 0.268185 0.771578 0.065928 0.151215 0.636515
3 0.529088 0.837031 0.078177 0.140037 0.6341
3 0.280421 0.740153 0.0589823 0.0901452 0.590468
3 0.539535 0.806959 0.055257 0.0754568 0.571903
3 0.280148 0.761237 0.0604459 0.130848 0.543508
11 0.614275 0.799081 0.0438612 0.0314282 0.524788
2 0.47956 0.0806289 0.381627 0.161258 0.489221
2 0.0176659 0.207468 0.0351637 0.135445 0.436094
3 0.258941 0.79373 0.0509799 0.101978 0.427107
3 0.258538 0.808851 0.04935 0.0697556 0.421902
3 0.533194 0.82226 0.0663041 0.108696 0.421147
3 0.511823 0.873104 0.0528008 0.0688668 0.400597
11 0.198756 0.807528 0.0334973 0.0245609 0.35105
2 0.427601 0.0785772 0.245719 0.156585 0.27093
11 0.546774 0.488283 0.028419 0.0372126 0.263804
