11 0.58676 0.596492 0.043873 0.038202 0.806941
11 0.387022 0.142453 0.0365401 0.0311547 0.766703
11 0.950601 0.0368816 0.0475521 0.0285065 0.731322
2 0.15791 0.86009 0.315728 0.272907 0.682335
2 0.334974 0.396996 0.378139 0.306419 0.6131
7 0.469577 0.180503 0.0589653 0.0409041 0.555418
2 0.078381 0.411073 0.156313 0.160445 0.380936
11 0.907289 0.983029 0.0322407 0.0337482 0.375374
11 0.844941 0.0137644 0.042614 0.0269138 0.363123
2 0.123677 0.590024 0.243246 0.167337 0.282956
2 0.78554 0.489724 0.42892 0.895351 0.273109
2 0.969415 0.822644 0.0611693 0.235073 0.262773
2 0.286819 0.680127 0.257034 0.234443 0.262148
11 0.347914 0.151905 0.0475065 0.0316565 0.25962
2 0.900066 0.651657 0.19869 0.288863 0.258461
