2 0.429073 0.932687 0.133038 0.134571 0.907089
2 0.197115 0.580171 0.21766 0.235076 0.876077
11 0.775318 0.0247354 0.0232693 0.0421836 0.839743
3 0.818783 0.341249 0.0688549 0.0410196 0.826695
2 0.589249 0.436851 0.238777 0.387493 0.822874
3 0.799762 0.857159 0.0718351 0.0403196 0.82153
11 0.452347 0.685561 0.0458838 0.0263277 0.81788
11 0.782156 0.245122 0.023165 0.0442825 0.810559
11 0.779738 0.0935557 0.0258776 0.0492243 0.80462
11 0.686559 0.69302 0.045804 0.0275572 0.802922
11 0.377944 0.416744 0.0492026 0.0327093 0.798118
2 0.678533 0.842505 0.104767 0.116127 0.794759
11 0.781172 0.397707 0.0264664 0.0464942 0.792402
2 0.688391 0.946515 0.11201 0.106777 0.790479
11 0.77465 0.562083 0.021608 0.0404661 0.78569
11 0.311464 0.710554 0.0436961 0.0277318 0.780685
11 0.77966 0.467509 0.0257733 0.044124 0.777601
3 0.751508 0.715039 0.0379283 0.0850606 0.762754
11 0.781429 0.148118 0.0241669 0.0451534 0.750218
7 0.398807 0.520779 0.0549426 0.0312443 0.734113
3 0.374407 0.671723 0.0741909 0.0388231 0.694434
11 0.015053 0.516043 0.030106 0.0324152 0.687764
11 0.39238 0.62554 0.026933 0.0495781 0.682505
2 0.919767 0.851745 0.160467 0.29651 0.670542
11 0.0892778 0.717628 0.0229165 0.0437267 0.66431
7 0.383214 0.471199 0.0624216 0.03463 0.652972
11 0.0204708 0.568922 0.0405919 0.0292757 0.643419
11 0.781207 0.288708 0.0250518 0.0469346 0.626277
11 0.775673 0.515258 0.026323 0.0528034 0.611217
11 0.0265628 0.591981 0.0472373 0.0306249 0.601818
2 0.95156 0.228717 0.0968452 0.0901797 0.600851
11 0.0399698 0.664366 0.0472728 0.029866 0.561625
2 0.908578 0.549552 0.157254 0.335741 0.542211
11 0.884972 0.00819102 0.0431206 0.0162823 0.524264
11 0.135333 0.711006 0.0275658 0.0400831 0.517337
11 0.0301681 0.616697 0.0474362 0.0312144 0.491599
2 0.917872 0.500485 0.164257 0.427859 0.440263
11 0.0343336 0.642592 0.0428621 0.0243889 0.435609
11 0.113029 0.71392 0.0260094 0.0436728 0.431916
3 0.843385 0.0221965 0.0370552 0.0442862 0.42763
2 0.34756 0.0866148 0.616417 0.17323 0.372442
2 0.0510021 0.923471 0.101972 0.117356 0.355212
2 0.2436 0.0867709 0.400873 0.173542 0.349145
3 0.0312031 0.239596 0.0624063 0.0554001 0.344593
11 0.00894295 0.464469 0.0178859 0.0362579 0.297694
