2 0.28733 0.37274 0.206641 0.250672 0.926924
2 0.886749 0.653826 0.173022 0.155971 0.8439
2 0.493744 0.85593 0.161523 0.175821 0.811711
11 0.895084 0.459079 0.0346462 0.0304607 0.804139
2 0.0388533 0.765157 0.0776347 0.121379 0.745977
2 0.795911 0.290109 0.253717 0.172934 0.691229
2 0.16094 0.729341 0.114361 0.112216 0.684355
11 0.934042 0.484286 0.0379833 0.0279269 0.648096
11 0.844735 0.421731 0.0593541 0.0411947 0.637655
2 0.876939 0.974957 0.181112 0.0500853 0.605559
2 0.332972 0.804686 0.166948 0.177046 0.462672
2 0.492689 0.0513489 0.257187 0.102472 0.452788
2 0.0348032 0.442927 0.0694486 0.105296 0.428534
2 0.61224 0.933411 0.135233 0.129881 0.410208
