2 0.181252 0.496631 0.207074 0.217672 0.955036
2 0.272164 0.315766 0.127608 0.146729 0.893603
2 0.699091 0.823942 0.36796 0.349023 0.888923
11 0.438845 0.138675 0.0228416 0.0384378 0.836346
2 0.935672 0.298381 0.128657 0.275481 0.836018
2 0.294288 0.177396 0.127219 0.122624 0.819871
11 0.359603 0.43444 0.0256503 0.0434803 0.807566
2 0.102736 0.803877 0.205421 0.326051 0.805337
11 0.388244 0.33086 0.0224573 0.0407748 0.779339
11 0.454814 0.0868598 0.030601 0.0511465 0.703903
11 0.387269 0.61427 0.0196818 0.0324376 0.294551
