2 0.644919 0.617407 0.162246 0.126295 0.898834
2 0.823468 0.0974852 0.167144 0.155392 0.889651
2 0.238226 0.950933 0.122065 0.097974 0.868136
11 0.433045 0.257206 0.0390791 0.0462053 0.860865
11 0.503045 0.169604 0.0417731 0.0468718 0.857308
2 0.425221 0.436715 0.131259 0.115482 0.845612
11 0.905218 0.759266 0.0395279 0.0429207 0.833748
2 0.951545 0.893867 0.0969101 0.107019 0.831406
11 0.0832714 0.647582 0.0339812 0.0394724 0.822503
2 0.835736 0.678095 0.119449 0.11803 0.820808
2 0.410954 0.554182 0.16583 0.148333 0.806002
11 0.597173 0.0753143 0.0409853 0.0470539 0.802049
11 0.795612 0.879342 0.0377582 0.038963 0.796005
2 0.0535182 0.210141 0.0977387 0.0964486 0.79178
11 0.20621 0.505982 0.0412828 0.0446165 0.781901
2 0.0557843 0.912859 0.111569 0.12352 0.776792
2 0.399786 0.117823 0.120266 0.115954 0.766839
2 0.0504292 0.466806 0.100588 0.144785 0.766065
2 0.872901 0.559978 0.150963 0.137889 0.755091
2 0.337225 0.193436 0.115455 0.10726 0.721272
2 0.585247 0.283673 0.138264 0.12776 0.72067
2 0.341892 0.658164 0.13574 0.139041 0.719706
2 0.217579 0.662919 0.116611 0.114202 0.717592
2 0.113365 0.396824 0.132319 0.131298 0.707983
2 0.653138 0.221136 0.118445 0.112644 0.703891
2 0.446069 0.0446251 0.149424 0.0887058 0.696465
11 0.167307 0.553457 0.0398409 0.0417717 0.671156
11 0.702286 0.980588 0.0485525 0.0383751 0.66526
2 0.421375 0.843399 0.112409 0.111803 0.644183
11 0.864823 0.801834 0.0358328 0.0361483 0.621032
11 0.833221 0.837527 0.0342643 0.0337277 0.586412
2 0.975883 0.189185 0.0482333 0.106305 0.574187
2 0.240768 0.382746 0.107812 0.11228 0.571768
2 0.928037 0.967166 0.125588 0.0656679 0.561359
2 0.590113 0.850475 0.127597 0.114061 0.524932
2 0.0912423 0.072873 0.182485 0.145746 0.514518
11 0.367693 0.325311 0.0347197 0.0366631 0.507932
11 0.124305 0.600416 0.0419668 0.0447943 0.472208
2 0.0299386 0.578549 0.0598771 0.136282 0.45372
2 0.792781 0.76128 0.0947508 0.0901882 0.428439
2 0.921809 0.484529 0.0935475 0.0954778 0.391696
2 0.665305 0.498185 0.0968127 0.102242 0.368192
2 0.461984 0.929762 0.121862 0.0924378 0.36763
2 0.0411527 0.0738002 0.0820697 0.14458 0.344186
2 0.475191 0.351311 0.0946504 0.0908873 0.343346
2 0.154461 0.746886 0.126446 0.129515 0.2789
2 0.719614 0.164272 0.113339 0.122239 0.268141
2 0.10826 0.0471508 0.149345 0.0942581 0.259235
