2 0.276757 0.612194 0.341614 0.226095 0.957233
2 0.216374 0.242306 0.291551 0.205274 0.944904
2 0.332302 0.884495 0.224064 0.161123 0.923106
11 0.615492 0.945412 0.0485941 0.0311817 0.79186
2 0.662705 0.781416 0.23416 0.130315 0.767667
2 0.0578627 0.976231 0.115725 0.0475384 0.742592
2 0.525361 0.96749 0.0766234 0.0650206 0.739207
11 0.668002 0.868686 0.0264027 0.0412933 0.618146
2 0.834267 0.959938 0.124983 0.0801245 0.559818
11 0.703565 0.857863 0.0286346 0.0458769 0.511315
11 0.735372 0.96364 0.0297014 0.0484677 0.45412
11 0.732419 0.87041 0.0269967 0.0465278 0.346435
2 0.834695 0.980201 0.119948 0.0395975 0.280106
