2 0.187676 0.55752 0.146326 0.112496 0.877141
2 0.704346 0.151361 0.129437 0.119751 0.875688
2 0.641762 0.688163 0.144699 0.142049 0.873065
2 0.278493 0.952672 0.117621 0.0946567 0.854595
2 0.833657 0.886689 0.33181 0.226622 0.831985
2 0.127835 0.221426 0.179671 0.172627 0.824828
2 0.347033 0.256423 0.114243 0.124537 0.813109
2 0.150387 0.440047 0.139026 0.126125 0.809654
2 0.464354 0.316171 0.143375 0.117493 0.802447
2 0.0726424 0.0278125 0.132882 0.0555867 0.785321
2 0.599087 0.555728 0.238636 0.125755 0.72493
2 0.946558 0.243547 0.106885 0.143442 0.68555
2 0.547312 0.819538 0.15475 0.141585 0.658766
2 0.388345 0.0373778 0.162373 0.0742413 0.603552
2 0.211958 0.74627 0.0934771 0.112763 0.565061
2 0.466675 0.422284 0.123019 0.121746 0.490964
2 0.200523 0.71827 0.126101 0.168889 0.468026
2 0.249933 0.0131159 0.0878746 0.0261199 0.447707
2 0.547488 0.843006 0.151763 0.0968193 0.429916
2 0.0635084 0.836018 0.127017 0.120069 0.396858
2 0.400854 0.124809 0.150564 0.148366 0.287305
11 0.329985 0.805606 0.0491802 0.0364899 0.283704
