2 0.245892 0.640037 0.135296 0.135822 0.925083
2 0.736437 0.0539907 0.215459 0.105073 0.907778
2 0.163492 0.300835 0.12569 0.111645 0.897673
2 0.478324 0.0743986 0.113778 0.113769 0.889678
2 0.667047 0.376104 0.11563 0.143713 0.877893
11 0.181304 0.914784 0.0451448 0.0271065 0.857199
11 0.527823 0.248177 0.0452899 0.0319306 0.849912
3 0.0474383 0.30699 0.063694 0.0434821 0.847854
11 0.441764 0.985161 0.042601 0.0292856 0.847465
2 0.469787 0.344487 0.0939441 0.0933238 0.844321
2 0.372331 0.337075 0.0865088 0.0906636 0.838645
11 0.870056 0.203167 0.0493229 0.0281024 0.837945
2 0.771609 0.395096 0.113621 0.117607 0.834375
11 0.0556417 0.652611 0.0227814 0.0430713 0.831214
11 0.774601 0.253974 0.0445029 0.0314334 0.826072
11 0.348573 0.921981 0.0486061 0.0269066 0.824091
2 0.874512 0.88392 0.0887325 0.101694 0.819323
2 0.562799 0.404379 0.114474 0.150959 0.817167
11 0.0598788 0.514296 0.027178 0.0481678 0.816884
2 0.342221 0.862062 0.116849 0.0983387 0.816218
11 0.579172 0.927412 0.0506617 0.029493 0.81538
2 0.217946 0.493739 0.151404 0.123608 0.814365
11 0.494213 0.985446 0.0483644 0.0286924 0.808025
11 0.244121 0.916724 0.0505551 0.0273846 0.80192
3 0.0279636 0.861972 0.0559273 0.0398449 0.801135
11 0.652504 0.193501 0.0436486 0.0268541 0.790777
11 0.942578 0.946496 0.0402096 0.0270897 0.789076
2 0.766437 0.749368 0.0679121 0.0951216 0.781558
11 0.501951 0.924949 0.0421835 0.0273178 0.777459
2 0.371702 0.123707 0.111207 0.063883 0.775939
11 0.978091 0.205624 0.0424745 0.0257515 0.770407
11 0.921696 0.205597 0.0449944 0.0268068 0.769616
11 0.654957 0.932627 0.0444715 0.024823 0.769366
11 0.204286 0.226555 0.0430772 0.0295383 0.768288
11 0.0761298 0.238236 0.026203 0.0394135 0.767801
2 0.560096 0.824905 0.129587 0.139283 0.761464
11 0.596551 0.191717 0.0460066 0.0266002 0.758219
2 0.459686 0.811829 0.0930729 0.132197 0.754449
11 0.755965 0.935977 0.0496845 0.0287617 0.740819
2 0.964235 0.809461 0.0715302 0.136598 0.738575
11 0.0466216 0.808124 0.029113 0.0611183 0.735181
11 0.298652 0.919742 0.0461569 0.0271918 0.728356
3 0.0659764 0.946131 0.0412196 0.0756122 0.726611
11 0.126268 0.911208 0.046776 0.0296028 0.723154
11 0.271778 0.981765 0.0408426 0.0208668 0.72073
11 0.0293985 0.573346 0.0280343 0.0519552 0.718173
2 0.778434 0.865017 0.0996798 0.0836308 0.713614
11 0.705911 0.933593 0.0496966 0.0310186 0.713085
2 0.318657 0.758756 0.145901 0.0723333 0.695577
11 0.0574135 0.583016 0.0251607 0.049295 0.684365
11 0.856646 0.94403 0.0512001 0.0251692 0.675348
11 0.214745 0.980442 0.0453264 0.0220001 0.656449
2 0.663597 0.859124 0.0904092 0.131478 0.6544
2 0.195899 0.0400499 0.168539 0.0799903 0.631377
7 0.928802 0.263187 0.0659899 0.036958 0.628983
2 0.952993 0.355268 0.0865422 0.0906056 0.618328
2 0.873769 0.388276 0.0923853 0.14412 0.603587
11 0.776748 0.992188 0.0493281 0.0156251 0.596733
11 0.698819 0.994484 0.0337408 0.0110314 0.574994
2 0.915767 0.107384 0.168465 0.130783 0.549594
11 0.887093 0.993242 0.0509241 0.0135155 0.547076
11 0.323414 0.243641 0.0558936 0.0268495 0.512359
2 0.895478 0.107987 0.130339 0.120145 0.478858
2 0.975376 0.11369 0.0492477 0.105436 0.455064
7 0.322848 0.244037 0.0550546 0.026727 0.450482
11 0.548792 0.988534 0.0520925 0.0229326 0.429135
2 0.156739 0.990876 0.147512 0.0178989 0.373294
11 0.0285304 0.0499398 0.021815 0.0417074 0.355594
3 0.0271362 0.981864 0.0532801 0.0361442 0.326383
11 0.929218 0.263015 0.0652031 0.0356044 0.326204
12 0.755014 0.513167 0.0263548 0.0357849 0.288074
11 0.759192 0.9939 0.0691937 0.0122002 0.286875
