2 0.545084 0.146852 0.13192 0.13707 0.909943
2 0.419928 0.171139 0.148586 0.137742 0.886079
2 0.85794 0.270598 0.1396 0.163919 0.858899
2 0.172187 0.759719 0.133407 0.134789 0.83438
2 0.641761 0.392344 0.112145 0.11065 0.806415
2 0.964411 0.324716 0.071178 0.118396 0.739906
11 0.0804458 0.831305 0.0481147 0.0513721 0.739183
11 0.174116 0.937217 0.0366003 0.0348167 0.727873
11 0.14412 0.903267 0.0383095 0.0419791 0.717722
2 0.72874 0.667931 0.128142 0.147675 0.713766
2 0.870047 0.741379 0.0948406 0.0971118 0.703772
2 0.79931 0.45943 0.139764 0.143404 0.696204
2 0.0373227 0.458439 0.0746038 0.14024 0.688655
2 0.869077 0.959387 0.0835927 0.081225 0.688183
11 0.982405 0.11814 0.035191 0.0437655 0.6643
2 0.0373489 0.0390929 0.074618 0.0780984 0.639822
2 0.821984 0.0278608 0.13345 0.05557 0.632213
2 0.500622 0.926617 0.147301 0.146455 0.616037
2 0.95212 0.763843 0.0957299 0.144506 0.591579
2 0.308189 0.939449 0.132489 0.118688 0.585375
2 0.0923754 0.664078 0.118273 0.103218 0.579174
2 0.337399 0.754079 0.141997 0.180433 0.551173
2 0.875013 0.582475 0.136675 0.142369 0.544974
2 0.697281 0.0555021 0.160258 0.110026 0.540516
2 0.176267 0.602589 0.0846107 0.0862843 0.437155
2 0.558861 0.769836 0.136356 0.14488 0.37047
2 0.753975 0.949987 0.102213 0.0998909 0.318169
2 0.718477 0.951028 0.171929 0.0979445 0.302633
11 0.00886524 0.733385 0.0177305 0.0401106 0.259854
7 0.825918 0.951101 0.0422184 0.0653042 0.251833
