11 0.900091 0.619383 0.0531293 0.0331655 0.812679
11 0.0524637 0.428547 0.0495956 0.0427665 0.804977
11 0.106509 0.788886 0.0293784 0.0422678 0.786779
11 0.775314 0.619183 0.0542814 0.0330408 0.779289
11 0.16415 0.72506 0.0290484 0.0398981 0.771475
11 0.0969931 0.340621 0.0466209 0.0390257 0.764372
11 0.273967 0.656044 0.0285283 0.0432016 0.760303
11 0.20354 0.959037 0.0331931 0.048098 0.757113
11 0.252854 0.77136 0.0320209 0.0487632 0.755324
11 0.15505 0.808348 0.0288251 0.0454822 0.739611
2 0.274289 0.494362 0.229227 0.214703 0.732622
11 0.0203704 0.530267 0.0407113 0.0373372 0.727936
11 0.150012 0.91735 0.0266409 0.0557404 0.696528
11 0.204008 0.627972 0.0307912 0.0456371 0.687836
11 0.207706 0.754435 0.0299243 0.0445169 0.667118
7 0.0404703 0.890397 0.039308 0.0563206 0.655486
11 0.125188 0.541747 0.0487308 0.0343903 0.652712
11 0.0391367 0.476838 0.0470287 0.0457862 0.608026
3 0.3387 0.210445 0.0600048 0.0784979 0.58417
11 0.0775999 0.388141 0.0490074 0.0381172 0.557773
11 0.0261531 0.226861 0.044527 0.0380686 0.474021
2 0.501314 0.779431 0.405636 0.439194 0.468757
11 0.0205949 0.248773 0.0411797 0.0368275 0.46395
11 0.0919468 0.367048 0.0450411 0.0334346 0.41604
11 0.230406 0.638447 0.0315823 0.0476731 0.402766
3 0.831336 0.727647 0.0853098 0.0645556 0.372978
11 0.00988501 0.299668 0.0197497 0.0552263 0.364744
3 0.742712 0.736223 0.067097 0.0603756 0.359444
11 0.0116404 0.293129 0.0231377 0.0563757 0.354171
11 0.298397 0.664958 0.0352857 0.0451719 0.323856
3 0.0414006 0.178026 0.0800383 0.0601674 0.312412
11 0.170485 0.125195 0.0277061 0.035045 0.301042
11 0.243255 0.853496 0.0431412 0.0488962 0.287667
11 0.00888974 0.306959 0.0177795 0.042017 0.27917
11 0.0834303 0.366702 0.0505826 0.0353164 0.264666
2 0.399475 0.877939 0.202207 0.244122 0.25889
11 0.277597 0.778865 0.0323362 0.0464619 0.254706
