11 0.266858 0.676241 0.0452371 0.0286457 0.864614
2 0.88989 0.918438 0.219707 0.162675 0.859689
11 0.203035 0.744766 0.0434355 0.0258809 0.83978
11 0.313623 0.677341 0.0470639 0.0295546 0.832629
2 0.133803 0.138408 0.265363 0.270073 0.823067
11 0.365886 0.67905 0.0423546 0.0259977 0.821822
11 0.413825 0.752136 0.0402954 0.026693 0.812326
11 0.361911 0.750609 0.0436304 0.0250009 0.796756
11 0.258185 0.744847 0.051334 0.0272291 0.760557
11 0.320227 0.751018 0.034533 0.0236613 0.748174
2 0.743599 0.271911 0.262614 0.267285 0.744025
2 0.455184 0.374751 0.238319 0.237763 0.704298
2 0.883758 0.0795046 0.232483 0.159009 0.650669
11 0.0362313 0.741509 0.0346267 0.0224778 0.62132
11 0.141691 0.743833 0.0444322 0.0224615 0.58325
2 0.462374 0.927414 0.270719 0.144296 0.508507
2 0.249405 0.951709 0.163718 0.0965046 0.475469
11 0.00847387 0.738139 0.0169477 0.0299328 0.325499
2 0.969968 0.455024 0.0600643 0.251486 0.320927
