11 0.502141 0.842024 0.0479252 0.0375107 0.867235
11 0.844058 0.925621 0.0477379 0.0381375 0.855999
11 0.356149 0.757972 0.0465406 0.0366315 0.851991
2 0.593922 0.238992 0.474492 0.143489 0.828411
11 0.400599 0.936576 0.0468046 0.0360882 0.8203
11 0.513564 0.903297 0.0487385 0.0396774 0.82008
11 0.284738 0.858186 0.0483377 0.0368591 0.81673
7 0.0693101 0.791176 0.0726517 0.0464214 0.811685
11 0.425668 0.740788 0.0577062 0.0436495 0.799664
11 0.16292 0.692479 0.0505071 0.0389388 0.797168
11 0.0434125 0.741259 0.0507597 0.03974 0.791982
11 0.0634043 0.691534 0.0496664 0.0381155 0.777618
11 0.218987 0.667083 0.0600193 0.0489219 0.746571
11 0.789451 0.778277 0.0501432 0.0356871 0.745595
11 0.493161 0.928484 0.0501719 0.0369702 0.727684
7 0.242696 0.810579 0.0677353 0.0437733 0.715624
2 0.189395 0.0624837 0.378706 0.124967 0.7058
11 0.140435 0.57772 0.0565657 0.041182 0.684491
11 0.992157 0.853219 0.0156864 0.0391794 0.625912
11 0.903961 0.978218 0.0491152 0.0414528 0.581029
2 0.972765 0.210606 0.0543667 0.421212 0.332586
11 0.993525 0.460754 0.0129504 0.0324383 0.293302
11 0.90454 0.971847 0.0443561 0.0358133 0.274865
