2 0.31993 0.54946 0.137464 0.130085 0.919643
2 0.727069 0.795012 0.133968 0.128631 0.914451
2 0.765407 0.933737 0.131637 0.125818 0.89674
2 0.11402 0.29786 0.227633 0.248307 0.822175
11 0.868768 0.62522 0.0261444 0.0388777 0.812508
7 0.690713 0.679636 0.0345662 0.0630635 0.812382
2 0.713819 0.200397 0.218139 0.303461 0.810476
2 0.897068 0.933886 0.0723858 0.0849863 0.805446
7 0.833245 0.63048 0.0383642 0.0651813 0.795816
11 0.446608 0.429332 0.0278014 0.0494379 0.793628
11 0.668581 0.521962 0.0331799 0.0455047 0.765157
11 0.837434 0.0504385 0.0358309 0.0454456 0.748287
11 0.272765 0.0274954 0.0484998 0.0386065 0.747597
11 0.974055 0.0146673 0.047213 0.029325 0.718171
11 0.248307 0.150646 0.0224292 0.0476669 0.716704
11 0.942619 0.204177 0.0309633 0.0398103 0.712562
11 0.6324 0.428716 0.030443 0.0376284 0.70977
11 0.281836 0.0603292 0.0462845 0.0371537 0.708229
11 0.692016 0.481758 0.0355245 0.0458311 0.695059
7 0.807383 0.640588 0.041747 0.0709972 0.689386
11 0.599845 0.333265 0.0315552 0.0406969 0.654841
7 0.571991 0.199841 0.0384724 0.049736 0.647486
11 0.688134 0.435006 0.0327819 0.0510797 0.637619
11 0.597338 0.244739 0.0374366 0.0460083 0.637217
11 0.656737 0.385117 0.0303909 0.0416994 0.634599
11 0.307484 0.135362 0.0387278 0.0295846 0.633208
11 0.761334 0.66084 0.027042 0.0443893 0.632056
11 0.256835 0.199341 0.0255254 0.0480315 0.602094
11 0.783449 0.65393 0.0291153 0.0509842 0.600436
11 0.672232 0.408097 0.0336882 0.0472547 0.589385
11 0.326335 0.198095 0.040726 0.0265319 0.567527
11 0.317246 0.178501 0.0393417 0.027115 0.559621
11 0.62244 0.297139 0.0330389 0.0418488 0.548048
11 0.706585 0.518991 0.0297706 0.0416746 0.547559
11 0.666505 0.846615 0.0327585 0.0450699 0.538949
2 0.835573 0.408528 0.208681 0.172901 0.506352
11 0.331773 0.2425 0.0417463 0.032037 0.479404
11 0.293026 0.0909598 0.0412584 0.0291649 0.47075
11 0.722065 0.541547 0.0388756 0.0487841 0.454454
11 0.570922 0.199099 0.0389393 0.050214 0.432795
11 0.608496 0.369128 0.02851 0.0386212 0.413639
2 0.0579803 0.121108 0.115961 0.242216 0.412196
11 0.648249 0.45817 0.0367372 0.0463884 0.408606
7 0.538218 0.148598 0.0514473 0.0615259 0.398787
11 0.633827 0.324709 0.0335051 0.0446244 0.360325
7 0.786871 0.648402 0.0227673 0.0567667 0.353719
11 0.667887 0.477217 0.0319982 0.0350105 0.349055
3 0.549824 0.774716 0.0592836 0.0745587 0.329135
7 0.64767 0.4581 0.0377139 0.044882 0.328864
11 0.739123 0.557982 0.0363823 0.0434341 0.321275
11 0.992398 0.57598 0.0152042 0.0387999 0.29619
11 0.880131 0.115044 0.0236423 0.028579 0.289643
11 0.608924 0.277121 0.0354528 0.0422406 0.286755
11 0.691114 0.678634 0.0342828 0.0618054 0.286174
11 0.486896 0.0101778 0.0265865 0.0203449 0.282785
11 0.730568 0.666537 0.0313085 0.045134 0.278939
2 0.866286 0.373203 0.267428 0.243371 0.27635
11 0.33066 0.221435 0.0434555 0.0269343 0.276296
