2 0.511748 0.0724693 0.142365 0.143363 0.892774
11 0.155081 0.0546695 0.0426902 0.0339411 0.890856
2 0.125924 0.211533 0.152754 0.161209 0.889502
2 0.872061 0.317927 0.160547 0.143687 0.836452
2 0.944916 0.0596826 0.110168 0.119365 0.835508
11 0.248369 0.100061 0.0399244 0.033268 0.823812
11 0.594828 0.267945 0.0514224 0.0384822 0.811058
11 0.204805 0.0796786 0.0442291 0.0348417 0.807204
2 0.401556 0.357842 0.163678 0.145094 0.795304
2 0.65678 0.10421 0.159875 0.16518 0.790371
2 0.670308 0.411602 0.112155 0.102057 0.748191
11 0.534862 0.827709 0.0445099 0.0300472 0.744593
2 0.372749 0.610325 0.117765 0.122639 0.723025
11 0.802277 0.36917 0.0470485 0.0377663 0.706831
7 0.461232 0.206029 0.0616913 0.0452158 0.703408
2 0.834384 0.637301 0.289878 0.277641 0.678009
2 0.224682 0.400881 0.123856 0.135896 0.674491
2 0.278054 0.254458 0.094144 0.135184 0.668819
11 0.970602 0.361737 0.0342343 0.0455114 0.61309
2 0.239936 0.0408684 0.0866027 0.0817367 0.543251
11 0.461576 0.206335 0.0598068 0.0428853 0.509797
2 0.712498 0.201453 0.163339 0.190113 0.417507
2 0.449128 0.668258 0.109253 0.122693 0.411591
2 0.96937 0.198874 0.0612609 0.127057 0.353088
2 0.762616 0.445792 0.117913 0.0919886 0.344624
2 0.111533 0.388121 0.129601 0.176993 0.327706
2 0.821206 0.0161661 0.140266 0.0321598 0.326954
