2 0.179245 0.876777 0.152836 0.112931 0.916348
2 0.165084 0.566938 0.134647 0.116287 0.914093
2 0.257443 0.167508 0.148279 0.138137 0.898359
2 0.608486 0.618821 0.120231 0.0968579 0.882282
2 0.677337 0.38948 0.123347 0.0995796 0.882266
2 0.508412 0.463045 0.123453 0.0986967 0.871525
2 0.913651 0.363353 0.131594 0.101129 0.86748
2 0.188009 0.315061 0.139328 0.122054 0.860867
2 0.139299 0.686664 0.118717 0.109569 0.857633
2 0.576008 0.234428 0.118951 0.103295 0.835739
2 0.959563 0.130206 0.080875 0.0983077 0.835713
2 0.585786 0.850764 0.0947315 0.0952572 0.820473
2 0.742183 0.158551 0.121542 0.102785 0.804647
2 0.863183 0.953211 0.123751 0.0934345 0.795913
2 0.293903 0.061918 0.135157 0.123836 0.795611
2 0.355653 0.737983 0.148911 0.172994 0.788219
2 0.362248 0.971386 0.140374 0.0572277 0.777418
2 0.938952 0.632465 0.122097 0.113538 0.763261
2 0.885329 0.749089 0.107359 0.0896612 0.762471
2 0.621307 0.728882 0.0831329 0.086916 0.739334
11 0.734469 0.45426 0.02507 0.0360384 0.694707
11 0.772788 0.326698 0.0275515 0.0405501 0.680455
2 0.790038 0.0159543 0.114812 0.0319086 0.634047
2 0.139547 0.430937 0.123834 0.116373 0.612293
11 0.672857 0.956632 0.0266364 0.0431725 0.601375
2 0.554871 0.0377259 0.0868342 0.0752189 0.591856
11 0.00766733 0.198122 0.0153347 0.0513789 0.584859
2 0.484755 0.992832 0.101721 0.0143358 0.546785
2 0.861389 0.844951 0.124441 0.135004 0.507281
11 0.903063 0.00940807 0.0258206 0.0188161 0.425136
11 0.645259 0.497053 0.0458571 0.0337655 0.425092
11 0.731499 0.215674 0.0456097 0.0312494 0.411592
11 0.987096 0.571384 0.0258077 0.0331097 0.252452
