2 0.536606 0.405786 0.276569 0.245693 0.852898
11 0.678573 0.745459 0.0413641 0.041 0.852556
11 0.928918 0.0843153 0.0422817 0.0396728 0.811588
11 0.241699 0.372974 0.0333317 0.0320274 0.787629
2 0.531404 0.852562 0.594111 0.294875 0.77345
11 0.112613 0.268593 0.0421108 0.0376906 0.728139
2 0.182084 0.149006 0.278674 0.260633 0.695839
2 0.816812 0.231073 0.3319 0.425646 0.643207
3 0.945428 0.877588 0.0679479 0.0694595 0.616772
2 0.364552 0.270137 0.206779 0.222392 0.520645
2 0.11051 0.344916 0.220766 0.344447 0.516079
2 0.169531 0.70974 0.317401 0.578653 0.440432
11 0.834289 0.858142 0.0286514 0.0308308 0.429116
7 0.447033 0.466248 0.0523449 0.0483877 0.422
11 0.989857 0.414292 0.0200953 0.0476449 0.376004
2 0.951158 0.614393 0.0976847 0.306094 0.295431
3 0.698603 0.648668 0.0650377 0.0671644 0.292863
2 0.927818 0.052615 0.142397 0.10523 0.290408
2 0.951133 0.666412 0.0974117 0.440515 0.289871
7 0.989726 0.414902 0.020549 0.0490387 0.265708
2 0.0568886 0.0530143 0.113738 0.106029 0.263765
