2 0.0842606 0.479979 0.167987 0.239291 0.915073
12 0.356141 0.401864 0.0558018 0.0514606 0.898034
3 0.421178 0.259236 0.0753269 0.0621013 0.860164
2 0.817944 0.795151 0.174579 0.127078 0.854508
3 0.315647 0.0532853 0.0716786 0.0543386 0.85056
2 0.630702 0.465776 0.111145 0.117594 0.847729
2 0.940995 0.972736 0.118011 0.0545286 0.82544
11 0.525296 0.525726 0.0341799 0.0467614 0.819437
2 0.526135 0.728951 0.10487 0.0817286 0.803147
2 0.705428 0.584999 0.129947 0.107796 0.799048
11 0.546931 0.571313 0.0345103 0.043911 0.794324
11 0.463786 0.388895 0.0316259 0.0433696 0.789326
3 0.24711 0.121106 0.0430248 0.0686275 0.788095
2 0.459011 0.0658424 0.16314 0.131685 0.78737
2 0.628773 0.26858 0.146711 0.134177 0.780824
11 0.197689 0.535811 0.0305544 0.0481122 0.719886
11 0.357954 0.0806875 0.0308644 0.0455371 0.706181
11 0.678816 0.747055 0.0410765 0.0487727 0.706174
2 0.0602373 0.660925 0.100075 0.13506 0.702398
11 0.171416 0.606664 0.0322771 0.0583528 0.689085
11 0.372822 0.985442 0.0515653 0.0264518 0.626646
11 0.110738 0.784152 0.0259054 0.0367396 0.614962
2 0.945474 0.702184 0.109052 0.154436 0.602881
2 0.331275 0.531803 0.0996341 0.0939795 0.587184
2 0.135262 0.249832 0.244547 0.353941 0.58351
2 0.223902 0.780494 0.18115 0.223648 0.56154
7 0.3739 0.201743 0.0509805 0.0517724 0.543806
2 0.734887 0.0421457 0.154775 0.0842913 0.536047
11 0.488576 0.435121 0.0242585 0.0445764 0.520096
2 0.626644 0.853765 0.147133 0.151151 0.505302
2 0.636473 0.879856 0.126411 0.0989575 0.495272
11 0.373124 0.200787 0.0526686 0.0520494 0.453337
7 0.725601 0.833901 0.045064 0.0529713 0.420086
2 0.212151 0.971357 0.209588 0.0572866 0.419668
2 0.286653 0.783376 0.309803 0.231689 0.34589
11 0.725782 0.833526 0.0448596 0.0533558 0.338209
2 0.746421 0.713422 0.111195 0.0997873 0.333795
2 0.213614 0.950953 0.209241 0.0974976 0.321042
2 0.378757 0.896957 0.119178 0.091754 0.308649
2 0.1831 0.313873 0.165598 0.223863 0.270451
