2 0.953619 0.0985067 0.0927622 0.187574 0.827485
3 0.0554705 0.252749 0.0745129 0.0366186 0.827217
3 0.051386 0.346271 0.0673064 0.0417803 0.817741
2 0.262278 0.161635 0.212187 0.32327 0.810963
3 0.0970936 0.411333 0.0372683 0.0773496 0.793816
11 0.362535 0.36262 0.0197578 0.0394909 0.78052
11 0.357723 0.485247 0.0233011 0.0474239 0.70693
11 0.192133 0.363053 0.0218993 0.0470427 0.703624
11 0.476291 0.3642 0.0292496 0.0562566 0.696912
11 0.240981 0.360325 0.0181244 0.0427648 0.614268
2 0.309997 0.707973 0.619995 0.365957 0.589394
2 0.841173 0.550599 0.317654 0.5266 0.576415
11 0.307724 0.483151 0.0249052 0.0513907 0.565499
3 0.545697 0.420158 0.0377944 0.0588579 0.504833
2 0.311368 0.639736 0.622736 0.23158 0.448727
2 0.842598 0.526989 0.314321 0.32687 0.37964
11 0.312922 0.363215 0.0241547 0.0505259 0.347107
11 0.0974864 0.144813 0.0255636 0.0490715 0.325637
