2 0.647724 0.320641 0.133494 0.13916 0.89439
2 0.0931181 0.744881 0.161279 0.181709 0.888013
2 0.490172 0.280972 0.147588 0.143148 0.883882
2 0.820047 0.47347 0.172986 0.130323 0.870116
2 0.950752 0.34016 0.0984959 0.077148 0.861414
2 0.724792 0.848531 0.2114 0.229232 0.834317
2 0.237445 0.797584 0.147303 0.171246 0.793802
2 0.513195 0.509468 0.0676884 0.0791414 0.791784
2 0.0292691 0.136093 0.0585383 0.107644 0.73658
3 0.922714 0.669504 0.0427765 0.0728453 0.723674
2 0.288338 0.183543 0.137016 0.12059 0.722404
2 0.79637 0.183891 0.121179 0.169288 0.703962
12 0.559953 0.749634 0.095751 0.0425005 0.39505
2 0.194095 0.118275 0.102089 0.122703 0.352718
2 0.880563 0.0109096 0.108632 0.0217338 0.308681
2 0.0282931 0.0215872 0.0564717 0.0431743 0.264895
