2 0.921336 0.637903 0.157208 0.224063 0.899497
11 0.921407 0.770887 0.0464354 0.0336077 0.763176
2 0.477302 0.534366 0.125754 0.121259 0.717771
11 0.763522 0.938684 0.0468065 0.0350377 0.717268
2 0.72249 0.612639 0.14954 0.267107 0.717123
11 0.6025 0.938286 0.0541209 0.0365643 0.71431
11 0.403717 0.377103 0.0265597 0.049919 0.694667
11 0.868247 0.794306 0.0511829 0.0377296 0.677909
2 0.311608 0.897767 0.623216 0.199884 0.67288
2 0.494026 0.263249 0.148831 0.430494 0.521571
2 0.28289 0.698522 0.0876753 0.162444 0.490121
2 0.0726517 0.217057 0.14433 0.195465 0.420949
7 0.401215 0.756575 0.0869154 0.0407359 0.420095
2 0.673768 0.241802 0.640867 0.483604 0.416477
2 0.595285 0.666419 0.152742 0.124339 0.410294
11 0.515698 0.782321 0.0490568 0.0269894 0.409047
11 0.332949 0.717665 0.0254007 0.0513916 0.397396
2 0.928054 0.398723 0.143639 0.283623 0.349707
2 0.110376 0.367099 0.219604 0.111261 0.318575
2 0.641784 0.615559 0.30785 0.271315 0.317841
2 0.731068 0.279549 0.125953 0.409615 0.293251
7 0.665719 0.978567 0.0788206 0.0428671 0.291776
2 0.916537 0.968884 0.165287 0.0621559 0.267165
2 0.32354 0.858264 0.644656 0.281958 0.260532
2 0.490209 0.332679 0.143047 0.28978 0.257122
