11 0.131778 0.330805 0.0404634 0.0435482 0.841167
11 0.330313 0.175975 0.0448463 0.0389123 0.821291
6 0.615675 0.664627 0.10597 0.085548 0.820358
2 0.858544 0.665654 0.140214 0.134769 0.813568
2 0.350874 0.0439443 0.125504 0.0878887 0.807755
11 0.406162 0.789949 0.0389204 0.0353658 0.79559
11 0.530778 0.0234245 0.0419172 0.0384221 0.794997
2 0.0651825 0.522444 0.125071 0.129897 0.772995
2 0.207024 0.618363 0.119814 0.105974 0.772257
2 0.34815 0.306666 0.114426 0.121132 0.742058
2 0.445818 0.175061 0.116751 0.124953 0.730991
2 0.942651 0.878221 0.114698 0.139723 0.730572
11 0.988516 0.338705 0.022968 0.0362938 0.721969
11 0.424257 0.107224 0.0406494 0.0378126 0.712859
2 0.589798 0.261255 0.193289 0.16979 0.667573
3 0.872102 0.545532 0.0692559 0.0669517 0.656279
2 0.157907 0.175721 0.315814 0.350002 0.646769
11 0.892473 0.418103 0.0412331 0.0378763 0.643249
2 0.349777 0.97588 0.122793 0.0482401 0.642769
11 0.617826 0.624257 0.0392886 0.0343451 0.605525
2 0.262655 0.78966 0.15285 0.124559 0.602858
2 0.83971 0.866118 0.108101 0.107915 0.601472
11 0.293676 0.970182 0.0328523 0.0364982 0.596352
2 0.69609 0.174318 0.109322 0.111577 0.580738
11 0.0218228 0.337565 0.0424551 0.0417125 0.578024
2 0.334229 0.518199 0.0949523 0.0860461 0.56759
11 0.661744 0.588143 0.0312731 0.0342071 0.566701
2 0.725111 0.737903 0.239453 0.202824 0.550851
2 0.0240506 0.660102 0.0480286 0.134324 0.538685
11 0.0577011 0.306502 0.0375101 0.0385705 0.524565
11 0.923731 0.393231 0.0334827 0.0321911 0.513954
11 0.0940755 0.360997 0.037147 0.0394178 0.484776
2 0.49176 0.435775 0.0984932 0.094061 0.484433
2 0.420488 0.643766 0.114565 0.114512 0.483295
2 0.121735 0.90286 0.172383 0.18581 0.475919
11 0.320697 0.855975 0.0394145 0.0412293 0.469326
11 0.106233 0.98921 0.0356832 0.0215795 0.464028
2 0.717036 0.0257635 0.169836 0.051527 0.459231
11 0.884937 0.581852 0.0382985 0.043652 0.458915
2 0.956665 0.243073 0.0866699 0.119319 0.456975
2 0.120781 0.688096 0.112654 0.106471 0.445867
2 0.128913 0.472475 0.119336 0.125352 0.437939
2 0.748236 0.329316 0.232159 0.195544 0.431335
11 0.572757 0.00734759 0.0452637 0.0146433 0.430221
2 0.867595 0.104794 0.102078 0.101699 0.428031
2 0.908502 0.0284315 0.110994 0.056863 0.417429
2 0.498208 0.60412 0.111096 0.119313 0.382834
11 0.370847 0.818483 0.0263049 0.0243528 0.377974
2 0.889952 0.298749 0.143329 0.143976 0.37018
2 0.751063 0.13914 0.091786 0.0899616 0.365202
2 0.550145 0.386947 0.0963666 0.0914471 0.360986
11 0.742985 0.530534 0.0349028 0.0289573 0.360511
11 0.515893 0.705734 0.0363723 0.0376185 0.337177
2 0.29844 0.687646 0.0871434 0.0956926 0.330678
11 0.701439 0.553973 0.0400759 0.0324466 0.282375
2 0.416423 0.268486 0.123823 0.123071 0.278722
2 0.368256 0.731341 0.115467 0.0968696 0.273441
2 0.961227 0.133892 0.0774594 0.130777 0.254537
11 0.105509 0.274889 0.0388652 0.0365242 0.254184
