2 0.922433 0.373545 0.15447 0.133347 0.926047
2 0.767472 0.348662 0.151852 0.130965 0.918601
2 0.437567 0.304676 0.196246 0.140709 0.887825
2 0.614271 0.335149 0.150969 0.137771 0.877266
2 0.197486 0.392026 0.133906 0.280113 0.854526
2 0.0400242 0.233148 0.0800394 0.212626 0.795586
2 0.240743 0.0233693 0.130002 0.0465947 0.751693
2 0.949945 0.962352 0.10011 0.0746049 0.733473
2 0.488325 0.979191 0.153127 0.0416176 0.67483
2 0.250381 0.940779 0.184763 0.118271 0.666752
2 0.966884 0.16535 0.0661901 0.0823634 0.646215
2 0.449462 0.642115 0.293183 0.255773 0.565254
12 0.672771 0.91683 0.092188 0.0579152 0.490702
2 0.989206 0.895478 0.0215887 0.0904999 0.448826
2 0.528187 0.654259 0.149476 0.228596 0.345997
2 0.672573 0.917461 0.0901637 0.0550699 0.287531
2 0.966855 0.135591 0.0662908 0.142924 0.276689
