2 0.577713 0.809316 0.0984375 0.106883 0.918927
2 0.512401 0.311085 0.112305 0.116899 0.905704
2 0.96506 0.154559 0.0698805 0.107876 0.900743
2 0.673349 0.659877 0.102713 0.102654 0.872574
2 0.47838 0.0503169 0.099192 0.100596 0.858257
2 0.647459 0.0860215 0.097601 0.0993603 0.836697
2 0.265916 0.355722 0.125439 0.102502 0.821932
3 0.104293 0.723587 0.100937 0.0426075 0.810692
11 0.374189 0.709758 0.0442871 0.028915 0.802982
2 0.736633 0.0882697 0.0922245 0.113363 0.800056
2 0.48261 0.830957 0.0958468 0.10601 0.781684
11 0.323675 0.700516 0.0533297 0.0315487 0.77803
11 0.0747551 0.872696 0.02425 0.0427929 0.76664
3 0.098064 0.220083 0.0878182 0.0470967 0.752039
2 0.390389 0.59802 0.158503 0.125528 0.728022
2 0.3796 0.0626001 0.108874 0.118339 0.724439
2 0.83308 0.358132 0.0988605 0.0686537 0.713016
11 0.0833007 0.977982 0.0244096 0.0402485 0.71058
2 0.82469 0.0467482 0.0859509 0.0933855 0.705929
2 0.913229 0.0675724 0.0900201 0.0953564 0.700417
2 0.798799 0.61518 0.149953 0.0780684 0.685764
3 0.174892 0.665086 0.0417221 0.0781109 0.677951
2 0.282623 0.761777 0.0976773 0.0977861 0.65139
2 0.827839 0.535405 0.137776 0.109718 0.649249
11 0.0765376 0.923653 0.0251949 0.0497204 0.614488
2 0.892544 0.432821 0.112114 0.103425 0.594805
2 0.759872 0.338888 0.101916 0.16032 0.590109
11 0.666543 0.152515 0.0245228 0.0439929 0.569103
2 0.410461 0.351607 0.0900501 0.15724 0.565997
11 0.420831 0.717213 0.04507 0.0273239 0.558279
2 0.225767 0.956531 0.1034 0.0869381 0.543501
2 0.77687 0.888715 0.13537 0.140384 0.542513
2 0.61189 0.495965 0.164416 0.189207 0.527165
3 0.0499212 0.0446501 0.032919 0.0706664 0.513081
11 0.375304 0.171132 0.0447367 0.0273609 0.410495
11 0.275044 0.693297 0.0392073 0.0223077 0.403831
2 0.571159 0.0153257 0.0907781 0.0305685 0.396485
2 0.974473 0.903226 0.0510425 0.13963 0.353609
2 0.615619 0.469941 0.178997 0.135679 0.336722
2 0.936147 0.771258 0.127706 0.120275 0.324325
11 0.14349 0.00933901 0.0327713 0.0186219 0.323314
2 0.276629 0.907259 0.0986397 0.0854542 0.310771
11 0.498813 0.195665 0.0464132 0.0276453 0.279312
2 0.414175 0.324963 0.0839849 0.104496 0.258877
3 0.154946 0.125759 0.0398403 0.0867342 0.254942
