11 0.363949 0.397715 0.0325125 0.0441983 0.784985
11 0.292531 0.0365122 0.0441264 0.0389495 0.696177
3 0.567186 0.18466 0.0545139 0.0706828 0.620743
11 0.304134 0.0630461 0.0482807 0.0409985 0.596067
7 0.292422 0.571759 0.0469166 0.0703993 0.569129
3 0.374875 0.152486 0.0681808 0.0466085 0.401536
11 0.428536 0.0423452 0.0350405 0.0453098 0.387147
7 0.0788492 0.744509 0.0533976 0.0795498 0.376004
2 0.90923 0.0410541 0.181539 0.0821083 0.373262
2 0.835859 0.62852 0.328282 0.742959 0.285303
3 0.457229 0.125284 0.0793978 0.0594669 0.283777
7 0.148348 0.767944 0.0473519 0.0701424 0.282273
6 0.609744 0.555049 0.101135 0.0438553 0.27129
