2 0.436068 0.401458 0.165388 0.156171 0.910584
2 0.383811 0.798468 0.15704 0.115905 0.885937
2 0.0768712 0.748003 0.153742 0.13818 0.87417
2 0.196447 0.452183 0.137647 0.133779 0.848363
2 0.143806 0.255774 0.187177 0.181302 0.824024
2 0.398858 0.0588573 0.176495 0.116573 0.760876
2 0.21727 0.0365161 0.141242 0.072536 0.734793
11 0.961041 0.112852 0.0469153 0.0536445 0.661816
3 0.980793 0.20549 0.0379929 0.0870495 0.605106
2 0.465808 0.148742 0.135083 0.121998 0.564712
11 0.0691706 0.550334 0.0403048 0.0404433 0.54138
2 0.60605 0.936003 0.125645 0.127409 0.505625
11 0.152897 0.0617203 0.0480461 0.039443 0.454947
11 0.990463 0.336284 0.0190745 0.0484143 0.307528
11 0.232948 0.984734 0.0290461 0.0305179 0.278254
