11 0.758283 0.096382 0.0396288 0.0344922 0.860693
2 0.578592 0.779169 0.212198 0.261461 0.829658
11 0.924911 0.251022 0.0403935 0.0438189 0.82335
11 0.853618 0.184025 0.0372604 0.0368611 0.821456
11 0.960087 0.28173 0.0364382 0.0352073 0.764195
2 0.920271 0.445321 0.157638 0.243007 0.757133
2 0.715102 0.362802 0.187727 0.208489 0.754623
2 0.896418 0.952329 0.174511 0.0953419 0.75212
2 0.895533 0.807329 0.181197 0.195485 0.751627
11 0.990559 0.298905 0.0188343 0.0385651 0.743827
2 0.651628 0.596651 0.198671 0.143334 0.677098
11 0.82004 0.156166 0.0344017 0.0323317 0.660394
2 0.43355 0.948642 0.148853 0.102716 0.452121
11 0.725171 0.0636415 0.0369068 0.0349371 0.395592
