2 0.470056 0.565911 0.193537 0.171424 0.863156
2 0.174575 0.693283 0.198383 0.143503 0.738713
11 0.241081 0.521059 0.0311414 0.0450128 0.703527
2 0.114195 0.152148 0.227201 0.303366 0.701988
11 0.19599 0.549226 0.0270185 0.0389519 0.69593
11 0.046412 0.508369 0.0583517 0.0415092 0.541327
2 0.323752 0.637647 0.175763 0.128287 0.514226
7 0.0459568 0.508152 0.0591483 0.0409896 0.349797
2 0.796543 0.940316 0.406914 0.118108 0.331658
2 0.726215 0.958763 0.291912 0.082475 0.312805
2 0.662442 0.280056 0.671194 0.560112 0.298806
