2 0.422151 0.359023 0.137514 0.1572 0.89577
2 0.887223 0.308537 0.135866 0.133376 0.88154
2 0.168925 0.247008 0.1447 0.133474 0.863093
2 0.0818368 0.600159 0.159222 0.134345 0.862879
3 0.858139 0.914193 0.0953861 0.0641102 0.851433
2 0.405013 0.109064 0.155481 0.134979 0.845916
2 0.530276 0.276088 0.170512 0.134526 0.843722
2 0.0620705 0.0500477 0.123172 0.100095 0.835322
2 0.294433 0.432736 0.154428 0.1658 0.818413
2 0.907774 0.518843 0.117394 0.1246 0.785232
2 0.04644 0.279657 0.0927239 0.130336 0.772986
2 0.783543 0.106974 0.116278 0.0990383 0.746703
2 0.835398 0.194308 0.118012 0.104187 0.710161
11 0.940192 0.0185992 0.0384296 0.0371984 0.70917
7 0.131997 0.88533 0.0366886 0.0639141 0.704679
2 0.969634 0.572238 0.0606728 0.111154 0.703562
2 0.456351 0.793355 0.654377 0.404282 0.703453
11 0.887671 0.861383 0.0247338 0.0499584 0.700439
7 0.779534 0.639581 0.0359562 0.0547496 0.694056
2 0.0381774 0.477591 0.0762531 0.131326 0.683207
2 0.613599 0.183043 0.0842275 0.110339 0.681571
11 0.98799 0.119692 0.0240197 0.0462571 0.680391
2 0.338963 0.0371755 0.147116 0.0742154 0.677423
2 0.744257 0.038414 0.126515 0.0766298 0.651108
11 0.349061 0.180525 0.0465623 0.0328748 0.590193
11 0.259711 0.186634 0.0360953 0.0457343 0.589157
11 0.103444 0.152216 0.0474212 0.0309288 0.52534
11 0.661845 0.989429 0.0304747 0.0211429 0.496139
11 0.140181 0.958743 0.0335334 0.0572899 0.447839
7 0.716524 0.981242 0.0381701 0.037517 0.370991
2 0.0270412 0.96537 0.053685 0.0692593 0.271388
2 0.988941 0.802576 0.0221185 0.0902097 0.26971
11 0.779314 0.639824 0.036204 0.0543976 0.261293
