2 0.403886 0.102767 0.152665 0.149091 0.911431
2 0.675363 0.284366 0.139936 0.118778 0.892838
2 0.644194 0.103796 0.137462 0.130827 0.876253
2 0.782302 0.674271 0.210109 0.175182 0.868541
2 0.375422 0.782337 0.153002 0.0948809 0.848144
2 0.821911 0.352769 0.138935 0.150085 0.832406
2 0.795114 0.962936 0.134671 0.0741279 0.817323
2 0.208267 0.316623 0.129217 0.140674 0.81024
2 0.680542 0.568485 0.124915 0.136439 0.805248
2 0.509245 0.197859 0.118242 0.124074 0.78436
2 0.321938 0.36798 0.145295 0.129059 0.75831
11 0.157877 0.122512 0.0433805 0.0350926 0.756698
11 0.305704 0.204069 0.0535075 0.0421689 0.751303
2 0.943904 0.364641 0.11028 0.145152 0.75033
11 0.942906 0.528969 0.0408779 0.0320491 0.740181
2 0.0526804 0.212854 0.105177 0.117733 0.732951
11 0.895234 0.508253 0.0507845 0.0372889 0.71977
2 0.958627 0.703122 0.0827457 0.140199 0.679303
11 0.470346 0.293217 0.0494724 0.0375305 0.674786
11 0.515643 0.317278 0.0466657 0.036017 0.659873
2 0.119933 0.274625 0.132783 0.152008 0.639465
2 0.0189006 0.826885 0.0376914 0.133615 0.599386
2 0.0593606 0.940348 0.0921037 0.111035 0.581813
11 0.0276144 0.0470783 0.0467812 0.0339911 0.579295
11 0.851493 0.48643 0.0370251 0.0307432 0.577021
11 0.31202 0.207828 0.0439014 0.0357469 0.555342
2 0.442409 0.944461 0.169029 0.11098 0.52472
2 0.13895 0.959574 0.0899216 0.0808528 0.507673
2 0.295201 0.0221917 0.173231 0.0443834 0.501296
2 0.215551 0.948414 0.0865035 0.102462 0.493168
11 0.604685 0.366047 0.0449984 0.034213 0.454963
2 0.465656 0.560417 0.103285 0.13392 0.450837
11 0.758393 0.442557 0.0528146 0.0396935 0.442705
2 0.440069 0.460047 0.136366 0.167077 0.430817
2 0.443401 0.50353 0.139336 0.2474 0.416048
2 0.863155 0.904171 0.194046 0.128001 0.381624
2 0.497248 0.892113 0.127638 0.110636 0.342547
2 0.460975 0.918131 0.202986 0.162783 0.318637
2 0.844348 0.824794 0.111931 0.125629 0.310206
