2 0.824507 0.254584 0.35033 0.509169 0.848083
2 0.587811 0.717843 0.274843 0.214416 0.824802
2 0.7341 0.938074 0.245477 0.123852 0.772305
11 0.153612 0.459793 0.0369041 0.0457319 0.745795
11 0.0844653 0.367827 0.0332201 0.0450259 0.73484
11 0.29979 0.656783 0.0398676 0.0405563 0.706004
7 0.119062 0.417313 0.0444665 0.0478785 0.687726
11 0.390371 0.771441 0.0371028 0.0475414 0.642492
11 0.187182 0.49984 0.0381021 0.0441771 0.638884
11 0.424416 0.816408 0.0398491 0.0464035 0.597163
11 0.33179 0.697635 0.0353074 0.0412214 0.584654
11 0.104311 0.987504 0.0413657 0.0249914 0.566788
7 0.0136319 0.255372 0.0272638 0.0499216 0.471189
2 0.16251 0.895831 0.295311 0.207835 0.446749
2 0.962224 0.947013 0.0755522 0.105637 0.446718
11 0.0138866 0.254912 0.0277222 0.0499426 0.369762
11 0.360818 0.736062 0.0310558 0.0354565 0.35749
11 0.0116746 0.990524 0.0233492 0.0189516 0.342708
2 0.155821 0.165349 0.1938 0.330699 0.337722
2 0.249856 0.297105 0.378508 0.590746 0.320182
11 0.248262 0.724999 0.032331 0.0311644 0.25793
