2 0.742201 0.242905 0.51077 0.309328 0.939421
2 0.115452 0.108217 0.230372 0.216435 0.904717
7 0.556598 0.70709 0.0454857 0.0696862 0.893871
2 0.646009 0.568111 0.228231 0.349817 0.86044
11 0.536466 0.794537 0.0329252 0.0491232 0.839108
11 0.430188 0.530417 0.0335049 0.046678 0.834923
11 0.573073 0.888588 0.0304362 0.0466362 0.834789
2 0.858243 0.720277 0.283171 0.268232 0.833859
7 0.512112 0.735927 0.0389803 0.0605618 0.816928
11 0.363846 0.368686 0.028166 0.0392685 0.801952
11 0.489243 0.675071 0.0358901 0.0516056 0.783669
2 0.836317 0.922841 0.20084 0.154319 0.760717
11 0.380357 0.408581 0.0308329 0.0450129 0.722234
7 0.428136 0.262791 0.0738749 0.0363545 0.718614
2 0.189792 0.589783 0.250304 0.252048 0.706348
11 0.451543 0.578962 0.0332547 0.0526829 0.70042
3 0.366204 0.325219 0.073356 0.0537732 0.695909
11 0.55556 0.841732 0.0308582 0.0456833 0.682443
7 0.406201 0.475629 0.0358438 0.0563219 0.650689
3 0.262574 0.266345 0.0609429 0.078656 0.646954
11 0.52666 0.100291 0.0377963 0.0317851 0.604413
2 0.15868 0.931139 0.261632 0.137023 0.474726
11 0.405638 0.476168 0.0361062 0.0555065 0.44312
11 0.606918 0.831233 0.0234883 0.0220394 0.367244
3 0.491921 0.157456 0.0523875 0.0606734 0.303292
11 0.585662 0.793538 0.0243858 0.0320604 0.255847
