2 0.357794 0.902229 0.242375 0.195541 0.927666
2 0.719733 0.363999 0.13153 0.138997 0.904439
2 0.320503 0.205776 0.116472 0.117768 0.889407
2 0.206517 0.477399 0.160995 0.147152 0.856177
11 0.836851 0.47311 0.0508812 0.0294385 0.808839
2 0.443085 0.335468 0.105506 0.103951 0.771784
11 0.891729 0.469301 0.0510696 0.0267139 0.767827
11 0.937393 0.464957 0.0471846 0.0292954 0.763133
11 0.509198 0.278945 0.0350366 0.0481466 0.762866
2 0.65373 0.76548 0.326056 0.260353 0.736061
2 0.663643 0.170241 0.093621 0.0861968 0.718093
11 0.376459 0.0907856 0.0400165 0.0478391 0.714131
2 0.526502 0.142861 0.104273 0.114619 0.705228
2 0.247915 0.0806787 0.115004 0.105162 0.694959
3 0.57693 0.405729 0.0545061 0.0466758 0.690135
2 0.125194 0.0903623 0.148618 0.150294 0.689524
11 0.144169 0.595869 0.0547258 0.0429354 0.685571
11 0.403123 0.128624 0.0337543 0.0354667 0.659778
2 0.888129 0.702982 0.190495 0.169732 0.635666
11 0.465544 0.213404 0.0287562 0.0319429 0.58827
11 0.294527 0.725966 0.033512 0.0425768 0.588229
2 0.901253 0.0425112 0.197472 0.0850223 0.57518
2 0.0239863 0.766779 0.0479725 0.114518 0.539205
2 0.0606911 0.94312 0.121382 0.113761 0.527576
2 0.0940863 0.266243 0.187966 0.307698 0.492529
2 0.424441 0.489702 0.130079 0.136655 0.492109
2 0.532007 0.958592 0.107595 0.0828159 0.485059
2 0.75184 0.0926317 0.20772 0.18437 0.466574
2 0.822083 0.0915294 0.354943 0.183059 0.42382
11 0.852585 0.978508 0.0524189 0.0418323 0.415222
7 0.398319 0.662172 0.0564834 0.0423431 0.398932
2 0.48533 0.475492 0.0792719 0.0900038 0.334639
11 0.398347 0.663061 0.0569256 0.0402191 0.327676
2 0.0362 0.386433 0.0724 0.256066 0.311263
11 0.433506 0.169848 0.028476 0.027191 0.289111
